13714.240000 0.000406
13715.350000 0.000415
13716.470000 0.000423
13717.580000 0.000431
13718.690000 0.000440
13719.800000 0.000448
13720.920000 0.000456
13722.030000 0.000465
13723.140000 0.000473
13724.260000 0.000481
13725.370000 0.000490
13726.480000 0.000498
13727.600000 0.000506
13728.710000 0.000515
13729.820000 0.000523
13730.940000 0.000531
13732.050000 0.000540
13733.170000 0.000548
13734.280000 0.000556
13735.390000 0.000565
13736.510000 0.000573
13737.620000 0.000581
13738.740000 0.000589
13739.850000 0.000598
13740.970000 0.000606
13742.080000 0.000614
13743.200000 0.000623
13744.310000 0.000633
13745.430000 0.000644
13746.540000 0.000655
13747.660000 0.000666
13748.770000 0.000678
13749.890000 0.000689
13751.000000 0.000700
13752.120000 0.000711
13753.230000 0.000723
13754.350000 0.000734
13755.460000 0.000745
13756.580000 0.000756
13757.700000 0.000767
13758.810000 0.000779
13759.930000 0.000790
13761.040000 0.000801
13762.160000 0.000812
13763.280000 0.000823
13764.390000 0.000846
13765.510000 0.000878
13766.630000 0.000911
13767.740000 0.000943
13768.860000 0.000975
13769.980000 0.001007
13771.090000 0.001039
13772.210000 0.001071
13773.330000 0.001103
13774.450000 0.001135
13775.560000 0.001167
13776.680000 0.001199
13777.800000 0.001231
13778.920000 0.001263
13780.030000 0.001295
13781.150000 0.001327
13782.270000 0.001359
13783.390000 0.001391
13784.510000 0.001425
13785.620000 0.001459
13786.740000 0.001494
13787.860000 0.001529
13788.980000 0.001564
13790.100000 0.001599
13791.220000 0.001634
13792.340000 0.001669
13793.460000 0.001703
13794.570000 0.001738
13795.690000 0.001773
13796.810000 0.001808
13797.930000 0.001842
13799.050000 0.001877
13800.170000 0.001912
13801.290000 0.001947
13802.410000 0.001982
13803.530000 0.002016
13804.650000 0.002055
13805.770000 0.002095
13806.890000 0.002136
13808.010000 0.002176
13809.130000 0.002216
13810.250000 0.002256
13811.370000 0.002296
13812.490000 0.002336
13813.610000 0.002376
13814.730000 0.002416
13815.850000 0.002456
13816.970000 0.002496
13818.090000 0.002536
13819.210000 0.002576
13820.330000 0.002616
13821.460000 0.002656
13822.580000 0.002696
13823.700000 0.002736
13824.820000 0.002815
13825.940000 0.002896
13827.060000 0.002978
13828.180000 0.003059
13829.310000 0.003140
13830.430000 0.003222
13831.550000 0.003305
13832.670000 0.003388
13833.790000 0.003471
13834.920000 0.003554
13836.040000 0.003637
13837.160000 0.003720
13838.280000 0.003803
13839.410000 0.003886
13840.530000 0.003970
13841.650000 0.004053
13842.780000 0.004136
13843.900000 0.004225
13845.020000 0.004367
13846.140000 0.004509
13847.270000 0.004651
13848.390000 0.004793
13849.510000 0.004935
13850.640000 0.005077
13851.760000 0.005220
13852.880000 0.005363
13854.010000 0.005505
13855.130000 0.005648
13856.260000 0.005792
13857.380000 0.005935
13858.500000 0.006078
13859.630000 0.006221
13860.750000 0.006365
13861.880000 0.006507
13863.000000 0.006651
13864.130000 0.006823
13865.250000 0.007064
13866.380000 0.007305
13867.500000 0.007546
13868.630000 0.007787
13869.750000 0.008029
13870.880000 0.008270
13872.000000 0.008512
13873.130000 0.008754
13874.250000 0.008996
13875.380000 0.009238
13876.500000 0.009480
13877.630000 0.009722
13878.750000 0.009965
13879.880000 0.010207
13881.010000 0.010450
13882.130000 0.010693
13883.260000 0.010936
13884.390000 0.011268
13885.510000 0.011680
13886.640000 0.012093
13887.760000 0.012506
13888.890000 0.012920
13890.020000 0.013333
13891.140000 0.013747
13892.270000 0.014161
13893.400000 0.014575
13894.530000 0.014989
13895.650000 0.015404
13896.780000 0.015819
13897.910000 0.016234
13899.040000 0.016650
13900.160000 0.017065
13901.290000 0.017481
13902.420000 0.017897
13903.550000 0.018313
13904.670000 0.019012
13905.800000 0.019794
13906.930000 0.020576
13908.060000 0.021358
13909.190000 0.022141
13910.310000 0.022924
13911.440000 0.023708
13912.570000 0.024492
13913.700000 0.025277
13914.830000 0.026062
13915.960000 0.026847
13917.090000 0.027633
13918.220000 0.028420
13919.340000 0.029206
13920.470000 0.029993
13921.600000 0.030780
13922.730000 0.031568
13923.860000 0.032403
13924.990000 0.034133
13926.120000 0.035863
13927.250000 0.037594
13928.380000 0.039325
13929.510000 0.041060
13930.640000 0.042793
13931.770000 0.044528
13932.900000 0.046263
13934.030000 0.048001
13935.160000 0.049737
13936.290000 0.051476
13937.420000 0.053215
13938.550000 0.054955
13939.680000 0.056697
13940.810000 0.058439
13941.950000 0.060182
13943.080000 0.061926
13944.210000 0.064083
13945.340000 0.067009
13946.470000 0.069933
13947.600000 0.072862
13948.730000 0.075789
13949.860000 0.078720
13951.000000 0.081652
13952.130000 0.084585
13953.260000 0.087520
13954.390000 0.090456
13955.520000 0.093394
13956.660000 0.096333
13957.790000 0.099275
13958.920000 0.102217
13960.050000 0.105162
13961.180000 0.108106
13962.320000 0.111054
13963.450000 0.114003
13964.580000 0.118343
13965.720000 0.123351
13966.850000 0.128361
13967.980000 0.133374
13969.120000 0.138392
13970.250000 0.143409
13971.380000 0.148429
13972.510000 0.153454
13973.650000 0.158482
13974.780000 0.163508
13975.920000 0.168541
13977.050000 0.173575
13978.180000 0.178612
13979.320000 0.183656
13980.450000 0.188697
13981.580000 0.193741
13982.720000 0.198791
13983.850000 0.203885
13984.990000 0.210600
13986.120000 0.217313
13987.260000 0.224034
13988.390000 0.230758
13989.530000 0.237485
13990.660000 0.244216
13991.800000 0.250955
13992.930000 0.257691
13994.070000 0.264430
13995.200000 0.271178
13996.340000 0.277923
13997.470000 0.284677
13998.610000 0.291434
13999.740000 0.298194
14000.880000 0.304931
14002.020000 0.311661
14003.150000 0.318394
14004.290000 0.324581
14005.420000 0.329966
14006.560000 0.335357
14007.700000 0.340745
14008.830000 0.346139
14009.970000 0.351534
14011.100000 0.356925
14012.240000 0.362322
14013.380000 0.367721
14014.510000 0.373120
14015.650000 0.378521
14016.790000 0.383928
14017.930000 0.389331
14019.060000 0.394740
14020.200000 0.400146
14021.340000 0.405558
14022.480000 0.410970
14023.610000 0.416380
14024.750000 0.420196
14025.890000 0.423629
14027.030000 0.427063
14028.160000 0.430500
14029.300000 0.433935
14030.440000 0.437371
14031.580000 0.440811
14032.720000 0.444248
14033.850000 0.447690
14034.990000 0.451131
14036.130000 0.454574
14037.270000 0.458018
14038.410000 0.461462
14039.550000 0.464907
14040.690000 0.468353
14041.830000 0.471802
14042.960000 0.475249
14044.100000 0.478166
14045.240000 0.479334
14046.380000 0.480503
14047.520000 0.481673
14048.660000 0.482842
14049.800000 0.484012
14050.940000 0.485182
14052.080000 0.486352
14053.220000 0.487523
14054.360000 0.488695
14055.500000 0.489866
14056.640000 0.491038
14057.780000 0.492210
14058.920000 0.493382
14060.060000 0.494555
14061.200000 0.495729
14062.340000 0.496902
14063.480000 0.498076
14064.630000 0.498601
14065.770000 0.498828
14066.910000 0.499054
14068.050000 0.499281
14069.190000 0.499507
14070.330000 0.499748
14071.470000 0.500021
14072.610000 0.500295
14073.760000 0.500568
14074.900000 0.500842
14076.040000 0.501116
14077.180000 0.501390
14078.320000 0.501664
14079.460000 0.501938
14080.610000 0.502187
14081.750000 0.502415
14082.890000 0.502642
14084.030000 0.502831
14085.180000 0.502818
14086.320000 0.502805
14087.460000 0.502793
14088.610000 0.502780
14089.750000 0.502767
14090.890000 0.502754
14092.030000 0.502741
14093.180000 0.502729
14094.320000 0.502716
14095.460000 0.502703
14096.610000 0.502690
14097.750000 0.502677
14098.890000 0.502664
14100.040000 0.502651
14101.180000 0.502638
14102.330000 0.502625
14103.470000 0.502612
14104.610000 0.502559
14105.760000 0.502486
14106.900000 0.502412
14108.050000 0.502339
14109.190000 0.502266
14110.340000 0.502192
14111.480000 0.502119
14112.630000 0.502045
14113.770000 0.501972
14114.920000 0.501898
14116.060000 0.501824
14117.210000 0.501751
14118.350000 0.501677
14119.500000 0.501603
14120.640000 0.501529
14121.790000 0.501455
14122.930000 0.501382
14124.080000 0.501339
14125.220000 0.501427
14126.370000 0.501516
14127.520000 0.501604
14128.660000 0.501693
14129.810000 0.501781
14130.950000 0.501870
14132.100000 0.501959
14133.250000 0.502047
14134.390000 0.502136
14135.540000 0.502225
14136.690000 0.502313
14137.830000 0.502402
14138.980000 0.502491
14140.130000 0.502579
14141.270000 0.502668
14142.420000 0.502757
14143.570000 0.502846
14144.720000 0.503008
14145.860000 0.503196
14147.010000 0.503384
14148.160000 0.503572
14149.310000 0.503760
14150.460000 0.503948
14151.600000 0.504136
14152.750000 0.504324
14153.900000 0.504512
14155.050000 0.504701
14156.200000 0.504889
14157.340000 0.505077
14158.490000 0.505266
14159.640000 0.505454
14160.790000 0.505643
14161.940000 0.505831
14163.090000 0.506020
14164.240000 0.506261
14165.380000 0.506613
14166.530000 0.506965
14167.680000 0.507317
14168.830000 0.507670
14169.980000 0.508023
14171.130000 0.508375
14172.280000 0.508728
14173.430000 0.509081
14174.580000 0.509434
14175.730000 0.509787
14176.880000 0.510140
14178.030000 0.510494
14179.180000 0.510847
14180.330000 0.511200
14181.480000 0.511554
14182.630000 0.511908
14183.780000 0.512262
14184.930000 0.512757
14186.080000 0.513266
14187.230000 0.513774
14188.390000 0.514283
14189.540000 0.514792
14190.690000 0.515272
14191.840000 0.515733
14192.990000 0.516193
14194.140000 0.516654
14195.290000 0.517115
14196.440000 0.517575
14197.600000 0.518036
14198.750000 0.518497
14199.900000 0.518958
14201.050000 0.519414
14202.200000 0.519869
14203.360000 0.520325
14204.510000 0.520813
14205.660000 0.521326
14206.810000 0.521840
14207.960000 0.522354
14209.120000 0.522868
14210.270000 0.523382
14211.420000 0.523895
14212.580000 0.524410
14213.730000 0.524923
14214.880000 0.525438
14216.040000 0.525952
14217.190000 0.526466
14218.340000 0.526980
14219.500000 0.527495
14220.650000 0.528009
14221.800000 0.528523
14222.960000 0.529038
14224.110000 0.529542
14225.260000 0.530006
14226.420000 0.530469
14227.570000 0.530931
14228.730000 0.531394
14229.880000 0.531857
14231.030000 0.532320
14232.190000 0.532784
14233.340000 0.533247
14234.500000 0.533710
14235.650000 0.534174
14236.810000 0.534637
14237.960000 0.535100
14239.120000 0.535563
14240.270000 0.536027
14241.430000 0.536490
14242.580000 0.536954
14243.740000 0.537417
14244.890000 0.537752
14246.050000 0.538067
14247.210000 0.538382
14248.360000 0.538697
14249.520000 0.539012
14250.670000 0.539327
14251.830000 0.539643
14252.990000 0.539958
14254.140000 0.540273
14255.300000 0.540588
14256.450000 0.540903
14257.610000 0.541218
14258.770000 0.541534
14259.920000 0.541849
14261.080000 0.542164
14262.240000 0.542479
14263.390000 0.542795
14264.550000 0.543066
14265.710000 0.543304
14266.870000 0.543542
14268.020000 0.543779
14269.180000 0.544017
14270.340000 0.544255
14271.500000 0.544493
14272.650000 0.544731
14273.810000 0.544968
14274.970000 0.545206
14276.130000 0.545444
14277.290000 0.545682
14278.440000 0.545920
14279.600000 0.546158
14280.760000 0.546396
14281.920000 0.546634
14283.080000 0.546872
14284.240000 0.547057
14285.400000 0.547110
14286.550000 0.547164
14287.710000 0.547217
14288.870000 0.547270
14290.030000 0.547323
14291.190000 0.547376
14292.350000 0.547430
14293.510000 0.547483
14294.670000 0.547536
14295.830000 0.547589
14296.990000 0.547642
14298.150000 0.547696
14299.310000 0.547749
14300.470000 0.547802
14301.630000 0.547855
14302.790000 0.547909
14303.950000 0.547960
14305.110000 0.547968
14306.270000 0.547976
14307.430000 0.547984
14308.590000 0.547991
14309.750000 0.547999
14310.910000 0.548007
14312.070000 0.548015
14313.230000 0.548022
14314.400000 0.548030
14315.560000 0.548038
14316.720000 0.548046
14317.880000 0.548054
14319.040000 0.548061
14320.200000 0.548069
14321.360000 0.548077
14322.530000 0.548085
14323.690000 0.548092
14324.850000 0.548111
14326.010000 0.548132
14327.170000 0.548152
14328.340000 0.548173
14329.500000 0.548194
14330.660000 0.548215
14331.820000 0.548236
14332.990000 0.548256
14334.150000 0.548277
14335.310000 0.548298
14336.470000 0.548319
14337.640000 0.548339
14338.800000 0.548360
14339.960000 0.548381
14341.130000 0.548402
14342.290000 0.548423
14343.450000 0.548443
14344.620000 0.548458
14345.780000 0.548470
14346.950000 0.548481
14348.110000 0.548492
14349.270000 0.548503
14350.440000 0.548513
14351.600000 0.548525
14352.770000 0.548536
14353.930000 0.548547
14355.090000 0.548558
14356.260000 0.548569
14357.420000 0.548580
14358.590000 0.548591
14359.750000 0.548602
14360.920000 0.548613
14362.080000 0.548624
14363.250000 0.548635
14364.410000 0.548669
14365.580000 0.548736
14366.740000 0.548802
14367.910000 0.548869
14369.070000 0.548935
14370.240000 0.549002
14371.410000 0.549068
14372.570000 0.549135
14373.740000 0.549202
14374.900000 0.549268
14376.070000 0.549335
14377.240000 0.549401
14378.400000 0.549468
14379.570000 0.549534
14380.740000 0.549601
14381.900000 0.549668
14383.070000 0.549734
14384.240000 0.549803
14385.400000 0.549880
14386.570000 0.549956
14387.740000 0.550033
14388.900000 0.550109
14390.070000 0.550183
14391.240000 0.550206
14392.410000 0.550230
14393.570000 0.550254
14394.740000 0.550278
14395.910000 0.550302
14397.080000 0.550326
14398.240000 0.550350
14399.410000 0.550374
14400.580000 0.550418
14401.750000 0.550482
14402.920000 0.550546
14404.080000 0.550606
14405.250000 0.550638
14406.420000 0.550669
14407.590000 0.550701
14408.760000 0.550733
14409.930000 0.550764
14411.100000 0.550796
14412.270000 0.550827
14413.440000 0.550859
14414.610000 0.550890
14415.770000 0.550922
14416.940000 0.550954
14418.110000 0.550985
14419.280000 0.551017
14420.450000 0.551048
14421.620000 0.551080
14422.790000 0.551111
14423.960000 0.551143
14425.130000 0.551161
14426.300000 0.551180
14427.470000 0.551198
14428.640000 0.551217
14429.810000 0.551235
14430.980000 0.551254
14432.160000 0.551272
14433.330000 0.551291
14434.500000 0.551309
14435.670000 0.551328
14436.840000 0.551346
14438.010000 0.551365
14439.180000 0.551383
14440.350000 0.551402
14441.520000 0.551420
14442.700000 0.551439
14443.870000 0.551457
14445.040000 0.551470
14446.210000 0.551482
14447.380000 0.551493
14448.550000 0.551505
14449.730000 0.551517
14450.900000 0.551530
14452.070000 0.551541
14453.240000 0.551553
14454.420000 0.551565
14455.590000 0.551577
14456.760000 0.551589
14457.930000 0.551601
14459.110000 0.551613
14460.280000 0.551625
14461.450000 0.551637
14462.630000 0.551649
14463.800000 0.551661
14464.970000 0.551573
14466.150000 0.551470
14467.320000 0.551367
14468.490000 0.551264
14469.670000 0.551161
14470.840000 0.551058
14472.010000 0.550955
14473.190000 0.550852
14474.360000 0.550749
14475.540000 0.550646
14476.710000 0.550543
14477.890000 0.550440
14479.060000 0.550337
14480.240000 0.550234
14481.410000 0.550131
14482.580000 0.550028
14483.760000 0.549925
14484.930000 0.549792
14486.110000 0.549653
14487.280000 0.549514
14488.460000 0.549374
14489.630000 0.549235
14490.810000 0.549096
14491.990000 0.548957
14493.160000 0.548817
14494.340000 0.548678
14495.510000 0.548539
14496.690000 0.548400
14497.870000 0.548261
14499.040000 0.548121
14500.220000 0.547978
14501.390000 0.547816
14502.570000 0.547654
14503.750000 0.547492
14504.920000 0.547295
14506.100000 0.547091
14507.280000 0.546886
14508.450000 0.546682
14509.630000 0.546477
14510.810000 0.546308
14511.980000 0.546156
14513.160000 0.546004
14514.340000 0.545852
14515.520000 0.545700
14516.690000 0.545548
14517.870000 0.545396
14519.050000 0.545244
14520.230000 0.545091
14521.410000 0.544939
14522.580000 0.544787
14523.760000 0.544635
14524.940000 0.544510
14526.120000 0.544390
14527.300000 0.544271
14528.470000 0.544152
14529.650000 0.544032
14530.830000 0.543913
14532.010000 0.543793
14533.190000 0.543674
14534.370000 0.543554
14535.550000 0.543435
14536.730000 0.543315
14537.910000 0.543195
14539.090000 0.543076
14540.260000 0.542956
14541.440000 0.542837
14542.620000 0.542717
14543.800000 0.542597
14544.980000 0.542483
14546.160000 0.542370
14547.340000 0.542257
14548.520000 0.542144
14549.700000 0.542031
14550.880000 0.541917
14552.060000 0.541804
14553.250000 0.541691
14554.430000 0.541578
14555.610000 0.541465
14556.790000 0.541351
14557.970000 0.541238
14559.150000 0.541125
14560.330000 0.541011
14561.510000 0.540898
14562.690000 0.540785
14563.870000 0.540671
14565.060000 0.540615
14566.240000 0.540564
14567.420000 0.540513
14568.600000 0.540463
14569.780000 0.540412
14570.960000 0.540319
14572.150000 0.540216
14573.330000 0.540113
14574.510000 0.540010
14575.690000 0.539907
14576.880000 0.539804
14578.060000 0.539701
14579.240000 0.539598
14580.420000 0.539514
14581.610000 0.539463
14582.790000 0.539413
14583.970000 0.539362
14585.160000 0.539406
14586.340000 0.539451
14587.520000 0.539497
14588.710000 0.539542
14589.890000 0.539588
14591.070000 0.539633
14592.260000 0.539678
14593.440000 0.539724
14594.620000 0.539769
14595.810000 0.539815
14596.990000 0.539860
14598.170000 0.539906
14599.360000 0.539951
14600.540000 0.539993
14601.730000 0.540031
14602.910000 0.540070
14604.100000 0.540116
14605.280000 0.540237
14606.470000 0.540358
14607.650000 0.540480
14608.840000 0.540601
14610.020000 0.540722
14611.210000 0.540844
14612.390000 0.540965
14613.580000 0.541087
14614.760000 0.541208
14615.950000 0.541330
14617.130000 0.541451
14618.320000 0.541573
14619.510000 0.541694
14620.690000 0.541816
14621.880000 0.541937
14623.060000 0.542059
14624.250000 0.542187
14625.440000 0.542342
14626.620000 0.542497
14627.810000 0.542652
14629.000000 0.542807
14630.180000 0.542962
14631.370000 0.543117
14632.560000 0.543272
14633.740000 0.543427
14634.930000 0.543582
14636.120000 0.543737
14637.310000 0.543892
14638.490000 0.544047
14639.680000 0.544202
14640.870000 0.544318
14642.060000 0.544421
14643.240000 0.544523
14644.430000 0.544638
14645.620000 0.544777
14646.810000 0.544915
14648.000000 0.545054
14649.180000 0.545193
14650.370000 0.545348
14651.560000 0.545540
14652.750000 0.545732
14653.940000 0.545923
14655.130000 0.546115
14656.320000 0.546307
14657.500000 0.546499
14658.690000 0.546691
14659.880000 0.546883
14661.070000 0.547075
14662.260000 0.547267
14663.450000 0.547459
14664.640000 0.547628
14665.830000 0.547777
14667.020000 0.547926
14668.210000 0.548074
14669.400000 0.548223
14670.590000 0.548372
14671.780000 0.548521
14672.970000 0.548670
14674.160000 0.548819
14675.350000 0.548968
14676.540000 0.549116
14677.730000 0.549265
14678.920000 0.549415
14680.110000 0.549563
14681.300000 0.549713
14682.500000 0.549861
14683.690000 0.550010
14684.880000 0.550113
14686.070000 0.550199
14687.260000 0.550285
14688.450000 0.550370
14689.640000 0.550456
14690.830000 0.550542
14692.030000 0.550627
14693.220000 0.550713
14694.410000 0.550799
14695.600000 0.550884
14696.790000 0.550970
14697.990000 0.551056
14699.180000 0.551141
14700.370000 0.551210
14701.560000 0.551242
14702.760000 0.551274
14703.950000 0.551306
14705.140000 0.551243
14706.340000 0.551174
14707.530000 0.551106
14708.720000 0.551037
14709.920000 0.550968
14711.110000 0.550950
14712.300000 0.550935
14713.500000 0.550921
14714.690000 0.550906
14715.880000 0.550891
14717.080000 0.550877
14718.270000 0.550862
14719.460000 0.550848
14720.660000 0.550833
14721.850000 0.550818
14723.050000 0.550804
14724.240000 0.550773
14725.440000 0.550671
14726.630000 0.550570
14727.820000 0.550468
14729.020000 0.550366
14730.210000 0.550264
14731.410000 0.550162
14732.600000 0.550060
14733.800000 0.549958
14734.990000 0.549856
14736.190000 0.549754
14737.390000 0.549653
14738.580000 0.549551
14739.780000 0.549449
14740.970000 0.549347
14742.170000 0.549245
14743.360000 0.549143
14744.560000 0.549014
14745.760000 0.548852
14746.950000 0.548689
14748.150000 0.548527
14749.340000 0.548364
14750.540000 0.548177
14751.740000 0.547961
14752.930000 0.547744
14754.130000 0.547528
14755.330000 0.547312
14756.530000 0.547095
14757.720000 0.546879
14758.920000 0.546662
14760.120000 0.546451
14761.310000 0.546289
14762.510000 0.546126
14763.710000 0.545963
14764.910000 0.545700
14766.100000 0.545400
14767.300000 0.545099
14768.500000 0.544799
14769.700000 0.544498
14770.900000 0.544197
14772.100000 0.543897
14773.290000 0.543596
14774.490000 0.543295
14775.690000 0.542994
14776.890000 0.542693
14778.090000 0.542393
14779.290000 0.542092
14780.490000 0.541791
14781.680000 0.541490
14782.880000 0.541189
14784.080000 0.540889
14785.280000 0.540639
14786.480000 0.540388
14787.680000 0.540137
14788.880000 0.539886
14790.080000 0.539632
14791.280000 0.539328
14792.480000 0.539024
14793.680000 0.538720
14794.880000 0.538416
14796.080000 0.538112
14797.280000 0.537808
14798.480000 0.537504
14799.680000 0.537200
14800.880000 0.536930
14802.080000 0.536673
14803.280000 0.536416
14804.480000 0.536162
14805.690000 0.535914
14806.890000 0.535667
14808.090000 0.535420
14809.290000 0.535172
14810.490000 0.534924
14811.690000 0.534677
14812.890000 0.534429
14814.100000 0.534182
14815.300000 0.533934
14816.500000 0.533686
14817.700000 0.533439
14818.900000 0.533191
14820.110000 0.532943
14821.310000 0.532695
14822.510000 0.532447
14823.710000 0.532200
14824.920000 0.531966
14826.120000 0.531739
14827.320000 0.531511
14828.520000 0.531283
14829.730000 0.531056
14830.930000 0.530787
14832.130000 0.530507
14833.330000 0.530227
14834.540000 0.529947
14835.740000 0.529666
14836.950000 0.529386
14838.150000 0.529106
14839.350000 0.528826
14840.560000 0.528570
14841.760000 0.528342
14842.960000 0.528114
14844.170000 0.527899
14845.370000 0.527803
14846.580000 0.527706
14847.780000 0.527610
14848.990000 0.527514
14850.190000 0.527418
14851.400000 0.527321
14852.600000 0.527225
14853.800000 0.527129
14855.010000 0.527033
14856.210000 0.526936
14857.420000 0.526840
14858.630000 0.526744
14859.830000 0.526647
14861.040000 0.526551
14862.240000 0.526455
14863.450000 0.526358
14864.650000 0.526297
14865.860000 0.526272
14867.070000 0.526246
14868.270000 0.526221
14869.480000 0.526196
14870.680000 0.526141
14871.890000 0.526063
14873.100000 0.525985
14874.300000 0.525908
14875.510000 0.525830
14876.720000 0.525753
14877.920000 0.525675
14879.130000 0.525598
14880.340000 0.525535
14881.540000 0.525509
14882.750000 0.525484
14883.960000 0.525459
14885.170000 0.525510
14886.370000 0.525569
14887.580000 0.525629
14888.790000 0.525688
14890.000000 0.525747
14891.210000 0.525807
14892.410000 0.525866
14893.620000 0.525925
14894.830000 0.525984
14896.040000 0.526044
14897.250000 0.526103
14898.450000 0.526163
14899.660000 0.526222
14900.870000 0.526281
14902.080000 0.526340
14903.290000 0.526400
14904.500000 0.526490
14905.710000 0.526638
14906.920000 0.526785
14908.130000 0.526933
14909.330000 0.527081
14910.540000 0.527204
14911.750000 0.527300
14912.960000 0.527394
14914.170000 0.527490
14915.380000 0.527585
14916.590000 0.527680
14917.800000 0.527775
14919.010000 0.527870
14920.220000 0.527974
14921.430000 0.528122
14922.640000 0.528270
14923.860000 0.528417
14925.070000 0.528584
14926.280000 0.528756
14927.490000 0.528927
14928.700000 0.529099
14929.910000 0.529270
14931.120000 0.529442
14932.330000 0.529613
14933.540000 0.529785
14934.750000 0.529957
14935.970000 0.530128
14937.180000 0.530300
14938.390000 0.530471
14939.600000 0.530643
14940.810000 0.530815
14942.030000 0.530986
14943.240000 0.531158
14944.450000 0.531353
14945.660000 0.531599
14946.870000 0.531846
14948.090000 0.532092
14949.300000 0.532339
14950.510000 0.532563
14951.730000 0.532756
14952.940000 0.532950
14954.150000 0.533143
14955.360000 0.533336
14956.580000 0.533530
14957.790000 0.533723
14959.000000 0.533916
14960.220000 0.534119
14961.430000 0.534366
14962.650000 0.534612
14963.860000 0.534859
14965.070000 0.535100
14966.290000 0.535340
14967.500000 0.535580
14968.720000 0.535821
14969.930000 0.536061
14971.140000 0.536300
14972.360000 0.536541
14973.570000 0.536781
14974.790000 0.537021
14976.000000 0.537261
14977.220000 0.537501
14978.430000 0.537742
14979.650000 0.537982
14980.860000 0.538184
14982.080000 0.538370
14983.290000 0.538556
14984.510000 0.538733
14985.720000 0.538893
14986.940000 0.539052
14988.160000 0.539210
14989.370000 0.539369
14990.590000 0.539554
14991.800000 0.539767
14993.020000 0.539981
14994.240000 0.540194
14995.450000 0.540407
14996.670000 0.540620
14997.890000 0.540833
14999.100000 0.541047
15000.320000 0.541252
15001.540000 0.541434
15002.750000 0.541615
15003.970000 0.541797
15005.190000 0.541957
15006.400000 0.542115
15007.620000 0.542273
15008.840000 0.542431
15010.060000 0.542586
15011.270000 0.542689
15012.490000 0.542792
15013.710000 0.542896
15014.930000 0.542999
15016.150000 0.543102
15017.360000 0.543205
15018.580000 0.543308
15019.800000 0.543411
15021.020000 0.543560
15022.240000 0.543717
15023.460000 0.543875
15024.670000 0.544020
15025.890000 0.544150
15027.110000 0.544281
15028.330000 0.544411
15029.550000 0.544542
15030.770000 0.544672
15031.990000 0.544802
15033.210000 0.544933
15034.430000 0.545063
15035.650000 0.545194
15036.870000 0.545324
15038.090000 0.545455
15039.310000 0.545585
15040.530000 0.545692
15041.750000 0.545767
15042.970000 0.545842
15044.190000 0.545913
15045.410000 0.545924
15046.630000 0.545934
15047.850000 0.545945
15049.070000 0.545955
15050.290000 0.545979
15051.510000 0.546045
15052.730000 0.546110
15053.960000 0.546176
15055.180000 0.546241
15056.400000 0.546307
15057.620000 0.546372
15058.840000 0.546438
15060.060000 0.546503
15061.280000 0.546569
15062.500000 0.546634
15063.730000 0.546700
15064.950000 0.546770
15066.170000 0.546842
15067.390000 0.546914
15068.620000 0.546987
15069.840000 0.547059
15071.060000 0.547083
15072.280000 0.547100
15073.510000 0.547118
15074.730000 0.547134
15075.950000 0.547151
15077.170000 0.547168
15078.400000 0.547185
15079.620000 0.547202
15080.840000 0.547257
15082.070000 0.547329
15083.290000 0.547401
15084.510000 0.547462
15085.740000 0.547497
15086.960000 0.547531
15088.190000 0.547566
15089.410000 0.547601
15090.630000 0.547636
15091.860000 0.547670
15093.080000 0.547705
15094.310000 0.547740
15095.530000 0.547774
15096.760000 0.547809
15097.980000 0.547844
15099.210000 0.547879
15100.430000 0.547894
15101.660000 0.547873
15102.880000 0.547852
15104.110000 0.547831
15105.330000 0.547774
15106.560000 0.547715
15107.780000 0.547657
15109.010000 0.547598
15110.230000 0.547551
15111.460000 0.547548
15112.680000 0.547545
15113.910000 0.547542
15115.140000 0.547539
15116.360000 0.547536
15117.590000 0.547534
15118.820000 0.547531
15120.040000 0.547528
15121.270000 0.547525
15122.500000 0.547522
15123.720000 0.547520
15124.950000 0.547501
15126.180000 0.547474
15127.400000 0.547448
15128.630000 0.547421
15129.860000 0.547394
15131.080000 0.547318
15132.310000 0.547236
15133.540000 0.547153
15134.770000 0.547071
15136.000000 0.546989
15137.220000 0.546906
15138.450000 0.546824
15139.680000 0.546742
15140.910000 0.546700
15142.140000 0.546674
15143.360000 0.546647
15144.590000 0.546597
15145.820000 0.546509
15147.050000 0.546421
15148.280000 0.546333
15149.510000 0.546245
15150.740000 0.546157
15151.970000 0.546069
15153.190000 0.545981
15154.420000 0.545893
15155.650000 0.545805
15156.880000 0.545717
15158.110000 0.545629
15159.340000 0.545541
15160.570000 0.545427
15161.800000 0.545283
15163.030000 0.545139
15164.260000 0.544990
15165.490000 0.544785
15166.720000 0.544580
15167.950000 0.544375
15169.180000 0.544170
15170.410000 0.543983
15171.640000 0.543834
15172.870000 0.543685
15174.110000 0.543535
15175.340000 0.543386
15176.570000 0.543237
15177.800000 0.543087
15179.030000 0.542938
15180.260000 0.542777
15181.490000 0.542572
15182.720000 0.542367
15183.960000 0.542162
15185.190000 0.541952
15186.420000 0.541740
15187.650000 0.541529
15188.880000 0.541317
15190.120000 0.541111
15191.350000 0.540955
15192.580000 0.540798
15193.810000 0.540642
15195.050000 0.540486
15196.280000 0.540330
15197.510000 0.540174
15198.740000 0.540018
15199.980000 0.539862
15201.210000 0.539701
15202.440000 0.539539
15203.680000 0.539377
15204.910000 0.539199
15206.140000 0.539010
15207.380000 0.538821
15208.610000 0.538633
15209.840000 0.538444
15211.080000 0.538207
15212.310000 0.537963
15213.550000 0.537719
15214.780000 0.537475
15216.010000 0.537231
15217.250000 0.536987
15218.480000 0.536743
15219.720000 0.536500
15220.950000 0.536298
15222.190000 0.536110
15223.420000 0.535921
15224.660000 0.535713
15225.890000 0.535477
15227.130000 0.535240
15228.360000 0.535004
15229.600000 0.534768
15230.830000 0.534494
15232.070000 0.534203
15233.300000 0.533912
15234.540000 0.533621
15235.780000 0.533329
15237.010000 0.533038
15238.250000 0.532748
15239.480000 0.532457
15240.720000 0.532198
15241.960000 0.531961
15243.190000 0.531725
15244.430000 0.531480
15245.670000 0.531203
15246.900000 0.530926
15248.140000 0.530649
15249.380000 0.530372
15250.610000 0.530095
15251.850000 0.529818
15253.090000 0.529541
15254.330000 0.529264
15255.560000 0.528987
15256.800000 0.528710
15258.040000 0.528433
15259.280000 0.528157
15260.510000 0.527857
15261.750000 0.527525
15262.990000 0.527194
15264.230000 0.526863
15265.470000 0.526532
15266.710000 0.526201
15267.940000 0.525870
15269.180000 0.525539
15270.420000 0.525227
15271.660000 0.524950
15272.900000 0.524673
15274.140000 0.524397
15275.380000 0.524120
15276.620000 0.523843
15277.860000 0.523566
15279.090000 0.523290
15280.330000 0.522999
15281.570000 0.522668
15282.810000 0.522337
15284.050000 0.522007
15285.290000 0.521701
15286.530000 0.521398
15287.770000 0.521095
15289.010000 0.520792
15290.250000 0.520500
15291.490000 0.520251
15292.730000 0.520002
15293.980000 0.519753
15295.220000 0.519503
15296.460000 0.519254
15297.700000 0.519005
15298.940000 0.518756
15300.180000 0.518499
15301.420000 0.518196
15302.660000 0.517894
15303.900000 0.517591
15305.140000 0.517318
15306.390000 0.517053
15307.630000 0.516788
15308.870000 0.516523
15310.110000 0.516263
15311.350000 0.516051
15312.600000 0.515840
15313.840000 0.515629
15315.080000 0.515417
15316.320000 0.515206
15317.570000 0.514994
15318.810000 0.514783
15320.050000 0.514569
15321.290000 0.514305
15322.540000 0.514040
15323.780000 0.513775
15325.020000 0.513570
15326.270000 0.513394
15327.510000 0.513218
15328.750000 0.513042
15330.000000 0.512866
15331.240000 0.512744
15332.480000 0.512621
15333.730000 0.512498
15334.970000 0.512375
15336.210000 0.512253
15337.460000 0.512130
15338.700000 0.512007
15339.950000 0.511884
15341.190000 0.511711
15342.440000 0.511535
15343.680000 0.511359
15344.930000 0.511225
15346.170000 0.511121
15347.420000 0.511017
15348.660000 0.510912
15349.910000 0.510808
15351.150000 0.510753
15352.400000 0.510702
15353.640000 0.510651
15354.890000 0.510599
15356.130000 0.510548
15357.380000 0.510497
15358.620000 0.510446
15359.870000 0.510395
15361.120000 0.510343
15362.360000 0.510292
15363.610000 0.510241
15364.860000 0.510229
15366.100000 0.510253
15367.350000 0.510277
15368.590000 0.510300
15369.840000 0.510324
15371.090000 0.510301
15372.330000 0.510272
15373.580000 0.510242
15374.830000 0.510213
15376.080000 0.510183
15377.320000 0.510154
15378.570000 0.510124
15379.820000 0.510095
15381.070000 0.510110
15382.310000 0.510134
15383.560000 0.510158
15384.810000 0.510226
15386.060000 0.510342
15387.310000 0.510457
15388.550000 0.510572
15389.800000 0.510688
15391.050000 0.510758
15392.300000 0.510820
15393.550000 0.510882
15394.800000 0.510944
15396.050000 0.511006
15397.290000 0.511068
15398.540000 0.511130
15399.790000 0.511192
15401.040000 0.511301
15402.290000 0.511420
15403.540000 0.511538
15404.790000 0.511684
15406.040000 0.511860
15407.290000 0.512037
15408.540000 0.512213
15409.790000 0.512390
15411.040000 0.512521
15412.290000 0.512644
15413.540000 0.512767
15414.790000 0.512889
15416.040000 0.513012
15417.290000 0.513134
15418.540000 0.513257
15419.790000 0.513379
15421.040000 0.513547
15422.300000 0.513723
15423.550000 0.513899
15424.800000 0.514083
15426.050000 0.514276
15427.300000 0.514469
15428.550000 0.514662
15429.800000 0.514855
15431.060000 0.515003
15432.310000 0.515142
15433.560000 0.515281
15434.810000 0.515420
15436.060000 0.515559
15437.320000 0.515698
15438.570000 0.515837
15439.820000 0.515976
15441.070000 0.516161
15442.330000 0.516354
15443.580000 0.516547
15444.830000 0.516751
15446.080000 0.516968
15447.340000 0.517185
15448.590000 0.517401
15449.840000 0.517618
15451.100000 0.517787
15452.350000 0.517949
15453.600000 0.518112
15454.860000 0.518274
15456.110000 0.518436
15457.370000 0.518598
15458.620000 0.518760
15459.870000 0.518922
15461.130000 0.519084
15462.380000 0.519246
15463.640000 0.519407
15464.890000 0.519575
15466.140000 0.519746
15467.400000 0.519918
15468.650000 0.520090
15469.910000 0.520261
15471.160000 0.520484
15472.420000 0.520710
15473.670000 0.520936
15474.930000 0.521163
15476.180000 0.521389
15477.440000 0.521616
15478.700000 0.521842
15479.950000 0.522068
15481.210000 0.522242
15482.460000 0.522413
15483.720000 0.522584
15484.980000 0.522701
15486.230000 0.522781
15487.490000 0.522860
15488.740000 0.522939
15490.000000 0.523019
15491.260000 0.523153
15492.510000 0.523288
15493.770000 0.523423
15495.030000 0.523557
15496.280000 0.523691
15497.540000 0.523826
15498.800000 0.523961
15500.060000 0.524093
15501.310000 0.524190
15502.570000 0.524287
15503.830000 0.524384
15505.090000 0.524439
15506.340000 0.524475
15507.600000 0.524511
15508.860000 0.524546
15510.120000 0.524587
15511.380000 0.524678
15512.630000 0.524769
15513.890000 0.524860
15515.150000 0.524951
15516.410000 0.525042
15517.670000 0.525134
15518.930000 0.525225
15520.190000 0.525308
15521.450000 0.525343
15522.710000 0.525378
15523.960000 0.525414
15525.220000 0.525423
15526.480000 0.525424
15527.740000 0.525426
15529.000000 0.525427
15530.260000 0.525440
15531.520000 0.525497
15532.780000 0.525554
15534.040000 0.525612
15535.300000 0.525669
15536.560000 0.525726
15537.820000 0.525783
15539.080000 0.525840
15540.340000 0.525882
15541.600000 0.525884
15542.870000 0.525885
15544.130000 0.525886
15545.390000 0.525875
15546.650000 0.525863
15547.910000 0.525851
15549.170000 0.525838
15550.430000 0.525826
15551.690000 0.525814
15552.960000 0.525801
15554.220000 0.525789
15555.480000 0.525776
15556.740000 0.525764
15558.000000 0.525752
15559.260000 0.525739
15560.530000 0.525750
15561.790000 0.525794
15563.050000 0.525837
15564.310000 0.525878
15565.580000 0.525860
15566.840000 0.525843
15568.100000 0.525825
15569.370000 0.525807
15570.630000 0.525762
15571.890000 0.525689
15573.150000 0.525615
15574.420000 0.525541
15575.680000 0.525468
15576.940000 0.525394
15578.210000 0.525321
15579.470000 0.525247
15580.740000 0.525206
15582.000000 0.525188
15583.260000 0.525171
15584.530000 0.525158
15585.790000 0.525165
15587.060000 0.525171
15588.320000 0.525177
15589.590000 0.525183
15590.850000 0.525152
15592.120000 0.525102
15593.380000 0.525052
15594.640000 0.525002
15595.910000 0.524952
15597.170000 0.524902
15598.440000 0.524853
15599.710000 0.524803
15600.970000 0.524793
15602.240000 0.524796
15603.500000 0.524798
15604.770000 0.524793
15606.030000 0.524775
15607.300000 0.524757
15608.570000 0.524740
15609.830000 0.524722
15611.100000 0.524656
15612.370000 0.524582
15613.630000 0.524508
15614.900000 0.524434
15616.170000 0.524360
15617.430000 0.524286
15618.700000 0.524212
15619.970000 0.524139
15621.230000 0.524065
15622.500000 0.523991
15623.770000 0.523917
15625.040000 0.523866
15626.300000 0.523829
15627.570000 0.523793
15628.840000 0.523756
15630.110000 0.523724
15631.370000 0.523744
15632.640000 0.523763
15633.910000 0.523783
15635.180000 0.523803
15636.450000 0.523822
15637.710000 0.523842
15638.980000 0.523862
15640.250000 0.523870
15641.520000 0.523833
15642.790000 0.523797
15644.060000 0.523760
15645.330000 0.523732
15646.600000 0.523706
15647.870000 0.523679
15649.140000 0.523653
15650.410000 0.523626
15651.670000 0.523600
15652.950000 0.523573
15654.210000 0.523547
15655.480000 0.523520
15656.750000 0.523493
15658.020000 0.523467
15659.290000 0.523440
15660.570000 0.523439
15661.840000 0.523469
15663.110000 0.523498
15664.380000 0.523531
15665.650000 0.523602
15666.920000 0.523672
15668.190000 0.523743
15669.460000 0.523813
15670.730000 0.523851
15672.000000 0.523865
15673.270000 0.523880
15674.550000 0.523894
15675.820000 0.523908
15677.090000 0.523922
15678.360000 0.523936
15679.630000 0.523950
15680.900000 0.524004
15682.180000 0.524074
15683.450000 0.524145
15684.720000 0.524199
15685.990000 0.524222
15687.270000 0.524245
15688.540000 0.524268
15689.810000 0.524291
15691.080000 0.524266
15692.360000 0.524232
15693.630000 0.524198
15694.900000 0.524165
15696.180000 0.524131
15697.450000 0.524097
15698.720000 0.524064
15700.000000 0.524030
15701.270000 0.523996
15702.540000 0.523962
15703.820000 0.523929
15705.090000 0.523906
15706.370000 0.523889
15707.640000 0.523872
15708.910000 0.523855
15710.190000 0.523847
15711.460000 0.523887
15712.740000 0.523926
15714.010000 0.523966
15715.290000 0.524007
15716.560000 0.524046
15717.840000 0.524086
15719.110000 0.524126
15720.390000 0.524149
15721.660000 0.524132
15722.940000 0.524115
15724.210000 0.524098
15725.490000 0.524068
15726.760000 0.524038
15728.040000 0.524007
15729.320000 0.523977
15730.590000 0.523946
15731.870000 0.523916
15733.140000 0.523885
15734.420000 0.523855
15735.700000 0.523824
15736.970000 0.523794
15738.250000 0.523763
15739.530000 0.523732
15740.800000 0.523737
15742.080000 0.523764
15743.360000 0.523790
15744.630000 0.523806
15745.910000 0.523791
15747.190000 0.523777
15748.470000 0.523762
15749.740000 0.523748
15751.020000 0.523688
15752.300000 0.523617
15753.580000 0.523545
15754.860000 0.523474
15756.130000 0.523402
15757.410000 0.523331
15758.690000 0.523260
15759.970000 0.523188
15761.250000 0.523117
15762.530000 0.523045
15763.800000 0.522974
15765.080000 0.522890
15766.360000 0.522799
15767.640000 0.522707
15768.920000 0.522615
15770.200000 0.522523
15771.480000 0.522432
15772.760000 0.522340
15774.040000 0.522248
15775.320000 0.522156
15776.600000 0.522064
15777.880000 0.521973
15779.160000 0.521881
15780.440000 0.521809
15781.720000 0.521774
15783.000000 0.521739
15784.280000 0.521704
15785.560000 0.521640
15786.840000 0.521575
15788.120000 0.521509
15789.400000 0.521444
15790.680000 0.521348
15791.960000 0.521226
15793.240000 0.521104
15794.520000 0.520982
15795.810000 0.520860
15797.090000 0.520737
15798.370000 0.520615
15799.650000 0.520493
15800.930000 0.520373
15802.210000 0.520253
15803.500000 0.520134
15804.780000 0.520026
15806.060000 0.519940
15807.340000 0.519855
15808.620000 0.519769
15809.910000 0.519683
15811.190000 0.519651
15812.470000 0.519622
15813.750000 0.519593
15815.040000 0.519564
15816.320000 0.519536
15817.600000 0.519507
15818.890000 0.519478
15820.170000 0.519442
15821.450000 0.519356
15822.740000 0.519271
15824.020000 0.519185
15825.300000 0.519081
15826.590000 0.518972
15827.870000 0.518863
15829.160000 0.518753
15830.440000 0.518644
15831.720000 0.518534
15833.010000 0.518425
15834.290000 0.518316
15835.580000 0.518206
15836.860000 0.518097
15838.150000 0.517988
15839.430000 0.517878
15840.720000 0.517769
15842.000000 0.517659
15843.290000 0.517550
15844.570000 0.517442
15845.860000 0.517339
15847.140000 0.517237
15848.430000 0.517134
15849.710000 0.517032
15851.000000 0.516973
15852.290000 0.516928
15853.570000 0.516882
15854.860000 0.516837
15856.140000 0.516791
15857.430000 0.516745
15858.720000 0.516700
15860.000000 0.516654
15861.290000 0.516552
15862.580000 0.516449
15863.860000 0.516346
15865.150000 0.516250
15866.440000 0.516158
15867.720000 0.516065
15869.010000 0.515973
15870.300000 0.515881
15871.590000 0.515788
15872.870000 0.515696
15874.160000 0.515603
15875.450000 0.515511
15876.740000 0.515419
15878.020000 0.515326
15879.310000 0.515234
15880.600000 0.515141
15881.890000 0.515049
15883.180000 0.514957
15884.470000 0.514866
15885.750000 0.514790
15887.040000 0.514715
15888.330000 0.514639
15889.620000 0.514564
15890.910000 0.514529
15892.200000 0.514510
15893.490000 0.514492
15894.780000 0.514473
15896.070000 0.514455
15897.360000 0.514436
15898.650000 0.514418
15899.940000 0.514400
15901.230000 0.514327
15902.520000 0.514251
15903.810000 0.514176
15905.100000 0.514102
15906.390000 0.514030
15907.680000 0.513958
15908.970000 0.513886
15910.260000 0.513814
15911.550000 0.513742
15912.840000 0.513670
15914.130000 0.513597
15915.420000 0.513525
15916.710000 0.513453
15918.000000 0.513381
15919.290000 0.513309
15920.590000 0.513237
15921.880000 0.513165
15923.170000 0.513092
15924.460000 0.513022
15925.750000 0.512966
15927.040000 0.512911
15928.340000 0.512856
15929.630000 0.512801
15930.920000 0.512746
15932.210000 0.512690
15933.510000 0.512635
15934.800000 0.512580
15936.090000 0.512525
15937.380000 0.512469
15938.680000 0.512414
15939.970000 0.512359
15941.260000 0.512359
15942.560000 0.512361
15943.850000 0.512363
15945.140000 0.512321
15946.440000 0.512252
15947.730000 0.512183
15949.020000 0.512114
15950.320000 0.512031
15951.610000 0.511904
15952.910000 0.511778
15954.200000 0.511652
15955.490000 0.511525
15956.790000 0.511399
15958.080000 0.511273
15959.380000 0.511146
15960.670000 0.511020
15961.970000 0.510894
15963.260000 0.510767
15964.560000 0.510641
15965.850000 0.510515
15967.150000 0.510389
15968.440000 0.510262
15969.740000 0.510136
15971.030000 0.510010
15972.330000 0.509884
15973.620000 0.509757
15974.920000 0.509631
15976.220000 0.509505
15977.510000 0.509379
15978.810000 0.509252
15980.100000 0.509126
15981.400000 0.509000
15982.700000 0.508874
15983.990000 0.508748
15985.290000 0.508588
15986.590000 0.508415
15987.880000 0.508241
15989.180000 0.508068
15990.480000 0.507915
15991.780000 0.507799
15993.070000 0.507682
15994.370000 0.507566
15995.670000 0.507449
15996.960000 0.507333
15998.260000 0.507217
15999.560000 0.507100
16000.860000 0.506948
16002.160000 0.506777
16003.460000 0.506606
16004.750000 0.506426
16006.050000 0.506221
16007.350000 0.506017
16008.650000 0.505812
16009.950000 0.505608
16011.250000 0.505403
16012.540000 0.505199
16013.840000 0.504995
16015.140000 0.504790
16016.440000 0.504586
16017.740000 0.504382
16019.040000 0.504177
16020.340000 0.503973
16021.640000 0.503769
16022.940000 0.503564
16024.240000 0.503360
16025.540000 0.503138
16026.840000 0.502914
16028.140000 0.502689
16029.440000 0.502465
16030.740000 0.502240
16032.040000 0.502016
16033.340000 0.501792
16034.640000 0.501567
16035.940000 0.501343
16037.240000 0.501119
16038.540000 0.500894
16039.850000 0.500670
16041.150000 0.500446
16042.450000 0.500222
16043.750000 0.499998
16045.050000 0.499775
16046.350000 0.499555
16047.650000 0.499334
16048.960000 0.499113
16050.260000 0.498904
16051.560000 0.498740
16052.860000 0.498575
16054.160000 0.498411
16055.470000 0.498247
16056.770000 0.498082
16058.070000 0.497918
16059.370000 0.497754
16060.680000 0.497560
16061.980000 0.497340
16063.280000 0.497119
16064.590000 0.496908
16065.890000 0.496752
16067.190000 0.496596
16068.500000 0.496439
16069.800000 0.496283
16071.100000 0.496127
16072.410000 0.495970
16073.710000 0.495814
16075.010000 0.495657
16076.320000 0.495501
16077.620000 0.495345
16078.930000 0.495189
16080.230000 0.495032
16081.540000 0.494876
16082.840000 0.494720
16084.150000 0.494563
16085.450000 0.494429
16086.750000 0.494300
16088.060000 0.494171
16089.370000 0.494042
16090.670000 0.493912
16091.980000 0.493783
16093.280000 0.493654
16094.590000 0.493525
16095.890000 0.493396
16097.200000 0.493266
16098.500000 0.493137
16099.810000 0.493008
16101.120000 0.492879
16102.420000 0.492750
16103.730000 0.492621
16105.030000 0.492510
16106.340000 0.492418
16107.650000 0.492326
16108.950000 0.492234
16110.260000 0.492142
16111.570000 0.492050
16112.870000 0.491958
16114.180000 0.491866
16115.490000 0.491773
16116.800000 0.491681
16118.100000 0.491590
16119.410000 0.491497
16120.720000 0.491405
16122.030000 0.491313
16123.330000 0.491221
16124.640000 0.491143
16125.950000 0.491125
16127.260000 0.491107
16128.570000 0.491089
16129.880000 0.491071
16131.180000 0.491053
16132.490000 0.491035
16133.800000 0.491017
16135.110000 0.490999
16136.420000 0.490982
16137.730000 0.490963
16139.040000 0.490945
16140.350000 0.490928
16141.660000 0.490909
16142.970000 0.490891
16144.280000 0.490873
16145.580000 0.490873
16146.890000 0.490876
16148.200000 0.490878
16149.510000 0.490880
16150.820000 0.490917
16152.130000 0.490976
16153.440000 0.491034
16154.750000 0.491092
16156.070000 0.491151
16157.380000 0.491209
16158.690000 0.491268
16160.000000 0.491326
16161.310000 0.491328
16162.620000 0.491330
16163.930000 0.491332
16165.240000 0.491368
16166.550000 0.491424
16167.870000 0.491480
16169.180000 0.491536
16170.490000 0.491591
16171.800000 0.491647
16173.110000 0.491703
16174.420000 0.491758
16175.740000 0.491814
16177.050000 0.491870
16178.360000 0.491925
16179.670000 0.491981
16180.990000 0.492036
16182.300000 0.492092
16183.610000 0.492148
16184.920000 0.492198
16186.240000 0.492240
16187.550000 0.492282
16188.860000 0.492324
16190.180000 0.492366
16191.490000 0.492407
16192.800000 0.492449
16194.120000 0.492491
16195.430000 0.492533
16196.740000 0.492575
16198.060000 0.492617
16199.370000 0.492658
16200.690000 0.492694
16202.000000 0.492724
16203.320000 0.492754
16204.630000 0.492781
16205.940000 0.492798
16207.260000 0.492814
16208.570000 0.492830
16209.890000 0.492847
16211.200000 0.492863
16212.520000 0.492879
16213.830000 0.492895
16215.150000 0.492911
16216.460000 0.492928
16217.780000 0.492944
16219.100000 0.492960
16220.410000 0.492976
16221.730000 0.492992
16223.040000 0.493008
16224.360000 0.493024
16225.680000 0.492961
16226.990000 0.492893
16228.310000 0.492825
16229.620000 0.492757
16230.940000 0.492689
16232.260000 0.492621
16233.570000 0.492553
16234.890000 0.492485
16236.210000 0.492417
16237.530000 0.492349
16238.840000 0.492281
16240.160000 0.492212
16241.480000 0.492145
16242.790000 0.492076
16244.110000 0.492009
16245.430000 0.491877
16246.750000 0.491725
16248.070000 0.491573
16249.380000 0.491422
16250.700000 0.491270
16252.020000 0.491118
16253.340000 0.490966
16254.660000 0.490814
16255.980000 0.490663
16257.290000 0.490511
16258.610000 0.490359
16259.930000 0.490207
16261.250000 0.490055
16262.570000 0.489904
16263.890000 0.489752
16265.210000 0.489546
16266.530000 0.489300
16267.850000 0.489055
16269.170000 0.488809
16270.490000 0.488564
16271.810000 0.488319
16273.130000 0.488073
16274.450000 0.487828
16275.770000 0.487583
16277.090000 0.487338
16278.410000 0.487092
16279.730000 0.486847
16281.050000 0.486602
16282.370000 0.486357
16283.690000 0.486112
16285.010000 0.485850
16286.330000 0.485565
16287.660000 0.485280
16288.980000 0.484995
16290.300000 0.484710
16291.620000 0.484424
16292.940000 0.484140
16294.260000 0.483855
16295.580000 0.483570
16296.910000 0.483285
16298.230000 0.483001
16299.550000 0.482716
16300.870000 0.482432
16302.200000 0.482147
16303.520000 0.481862
16304.840000 0.481545
16306.160000 0.481151
16307.490000 0.480756
16308.810000 0.480361
16310.130000 0.479967
16311.460000 0.479572
16312.780000 0.479177
16314.100000 0.478783
16315.420000 0.478389
16316.750000 0.477994
16318.070000 0.477600
16319.400000 0.477206
16320.720000 0.476812
16322.040000 0.476418
16323.370000 0.476024
16324.690000 0.475634
16326.020000 0.475260
16327.340000 0.474887
16328.670000 0.474513
16329.990000 0.474140
16331.310000 0.473766
16332.640000 0.473393
16333.960000 0.473020
16335.290000 0.472646
16336.620000 0.472273
16337.940000 0.471900
16339.270000 0.471527
16340.590000 0.471154
16341.920000 0.470781
16343.240000 0.470408
16344.570000 0.470036
16345.890000 0.469670
16347.220000 0.469304
16348.550000 0.468938
16349.870000 0.468573
16351.200000 0.468207
16352.530000 0.467841
16353.850000 0.467475
16355.180000 0.467110
16356.500000 0.466744
16357.830000 0.466379
16359.160000 0.466013
16360.490000 0.465628
16361.810000 0.465207
16363.140000 0.464787
16364.470000 0.464367
16365.800000 0.464041
16367.120000 0.463714
16368.450000 0.463388
16369.780000 0.463062
16371.110000 0.462781
16372.430000 0.462510
16373.760000 0.462238
16375.090000 0.461967
16376.420000 0.461696
16377.750000 0.461425
16379.080000 0.461154
16380.410000 0.460883
16381.730000 0.460612
16383.060000 0.460341
16384.390000 0.460070
16385.720000 0.459977
16387.050000 0.459896
16388.380000 0.459815
16389.710000 0.459733
16391.040000 0.459652
16392.370000 0.459571
16393.700000 0.459490
16395.030000 0.459408
16396.360000 0.459327
16397.690000 0.459246
16399.020000 0.459165
16400.350000 0.459093
16401.680000 0.459048
16403.010000 0.459002
16404.340000 0.458957
16405.670000 0.458989
16407.000000 0.459031
16408.330000 0.459072
16409.660000 0.459113
16411.000000 0.459154
16412.330000 0.459195
16413.660000 0.459236
16414.990000 0.459278
16416.320000 0.459319
16417.650000 0.459360
16418.980000 0.459401
16420.320000 0.459442
16421.650000 0.459483
16422.980000 0.459524
16424.310000 0.459565
16425.650000 0.459730
16426.980000 0.459914
16428.310000 0.460098
16429.640000 0.460282
16430.980000 0.460466
16432.310000 0.460650
16433.640000 0.460834
16434.970000 0.461017
16436.310000 0.461201
16437.640000 0.461385
16438.980000 0.461569
16440.310000 0.461752
16441.640000 0.461936
16442.980000 0.462119
16444.310000 0.462303
16445.640000 0.462599
16446.980000 0.462912
16448.310000 0.463225
16449.650000 0.463538
16450.980000 0.463811
16452.320000 0.464068
16453.650000 0.464325
16454.990000 0.464582
16456.320000 0.464839
16457.660000 0.465096
16458.990000 0.465352
16460.330000 0.465623
16461.660000 0.465935
16463.000000 0.466247
16464.330000 0.466560
16465.670000 0.466904
16467.000000 0.467253
16468.340000 0.467602
16469.680000 0.467951
16471.010000 0.468300
16472.350000 0.468649
16473.680000 0.468997
16475.020000 0.469346
16476.360000 0.469695
16477.690000 0.470043
16479.030000 0.470391
16480.370000 0.470740
16481.700000 0.471088
16483.040000 0.471437
16484.380000 0.471785
16485.710000 0.472098
16487.050000 0.472406
16488.390000 0.472715
16489.730000 0.473023
16491.060000 0.473331
16492.400000 0.473639
16493.740000 0.473948
16495.080000 0.474256
16496.420000 0.474564
16497.760000 0.474873
16499.090000 0.475181
16500.430000 0.475489
16501.770000 0.475797
16503.110000 0.476105
16504.450000 0.476413
16505.790000 0.476581
16507.130000 0.476743
16508.460000 0.476905
16509.800000 0.477067
16511.140000 0.477228
16512.480000 0.477390
16513.820000 0.477551
16515.160000 0.477713
16516.500000 0.477875
16517.840000 0.478036
16519.180000 0.478198
16520.520000 0.478337
16521.860000 0.478440
16523.200000 0.478544
16524.540000 0.478643
16525.880000 0.478556
16527.220000 0.478470
16528.560000 0.478384
16529.910000 0.478298
16531.250000 0.478266
16532.590000 0.478238
16533.930000 0.478210
16535.270000 0.478182
16536.610000 0.478154
16537.950000 0.478126
16539.290000 0.478098
16540.640000 0.478070
16541.980000 0.478042
16543.320000 0.478014
16544.660000 0.477973
16546.000000 0.477825
16547.350000 0.477677
16548.690000 0.477530
16550.030000 0.477382
16551.370000 0.477235
16552.720000 0.477087
16554.060000 0.476939
16555.400000 0.476792
16556.740000 0.476644
16558.090000 0.476496
16559.430000 0.476349
16560.780000 0.476201
16562.120000 0.476054
16563.460000 0.475906
16564.800000 0.475729
16566.150000 0.475438
16567.490000 0.475148
16568.840000 0.474857
16570.180000 0.474560
16571.530000 0.474211
16572.870000 0.473863
16574.210000 0.473515
16575.560000 0.473166
16576.900000 0.472819
16578.250000 0.472470
16579.590000 0.472122
16580.940000 0.471815
16582.280000 0.471525
16583.630000 0.471235
16584.970000 0.470934
16586.320000 0.470611
16587.660000 0.470288
16589.010000 0.469965
16590.360000 0.469642
16591.700000 0.469319
16593.050000 0.468996
16594.390000 0.468672
16595.740000 0.468349
16597.090000 0.468026
16598.430000 0.467703
16599.780000 0.467380
16601.130000 0.466925
16602.470000 0.466442
16603.820000 0.465961
16605.170000 0.465506
16606.510000 0.465081
16607.860000 0.464656
16609.210000 0.464232
16610.550000 0.463785
16611.900000 0.463303
16613.250000 0.462823
16614.600000 0.462342
16615.950000 0.461862
16617.290000 0.461382
16618.640000 0.460902
16619.990000 0.460423
16621.340000 0.460000
16622.690000 0.459579
16624.040000 0.459157
16625.380000 0.458810
16626.730000 0.458507
16628.080000 0.458204
16629.430000 0.457901
16630.780000 0.457599
16632.130000 0.457296
16633.480000 0.456994
16634.830000 0.456692
16636.180000 0.456390
16637.530000 0.456088
16638.880000 0.455786
16640.220000 0.455484
16641.570000 0.455183
16642.930000 0.454881
16644.280000 0.454580
16645.630000 0.454425
16646.980000 0.454307
16648.330000 0.454190
16649.680000 0.454072
16651.030000 0.453911
16652.380000 0.453737
16653.730000 0.453563
16655.080000 0.453388
16656.430000 0.453214
16657.780000 0.453039
16659.130000 0.452865
16660.480000 0.452711
16661.840000 0.452593
16663.190000 0.452475
16664.540000 0.452357
16665.890000 0.452236
16667.240000 0.452114
16668.600000 0.451993
16669.950000 0.451871
16671.300000 0.451750
16672.650000 0.451628
16674.010000 0.451507
16675.360000 0.451386
16676.710000 0.451264
16678.060000 0.451142
16679.420000 0.451021
16680.770000 0.450867
16682.120000 0.450689
16683.480000 0.450512
16684.830000 0.450339
16686.180000 0.450187
16687.540000 0.450035
16688.890000 0.449883
16690.240000 0.449741
16691.600000 0.449645
16692.950000 0.449549
16694.310000 0.449453
16695.660000 0.449357
16697.020000 0.449261
16698.370000 0.449165
16699.720000 0.449068
16701.080000 0.448972
16702.430000 0.448876
16703.790000 0.448780
16705.140000 0.448631
16706.500000 0.448413
16707.850000 0.448194
16709.210000 0.447976
16710.560000 0.447734
16711.920000 0.447459
16713.280000 0.447184
16714.630000 0.446910
16715.990000 0.446636
16717.340000 0.446362
16718.700000 0.446087
16720.060000 0.445816
16721.410000 0.445598
16722.770000 0.445380
16724.130000 0.445162
16725.480000 0.444767
16726.840000 0.444287
16728.200000 0.443808
16729.550000 0.443329
16730.910000 0.442850
16732.270000 0.442371
16733.630000 0.441892
16734.980000 0.441414
16736.340000 0.440936
16737.700000 0.440458
16739.060000 0.439980
16740.410000 0.439486
16741.770000 0.438954
16743.130000 0.438421
16744.490000 0.437890
16745.850000 0.437153
16747.210000 0.436402
16748.560000 0.435652
16749.920000 0.434904
16751.280000 0.434207
16752.640000 0.433514
16754.000000 0.432822
16755.360000 0.432129
16756.720000 0.431437
16758.080000 0.430746
16759.440000 0.430055
16760.790000 0.429365
16762.160000 0.428674
16763.520000 0.427984
16764.870000 0.427283
16766.230000 0.426541
16767.600000 0.425798
16768.960000 0.425057
16770.320000 0.424303
16771.680000 0.423509
16773.040000 0.422715
16774.400000 0.421921
16775.760000 0.421129
16777.120000 0.420337
16778.480000 0.419546
16779.840000 0.418755
16781.200000 0.418012
16782.560000 0.417276
16783.930000 0.416540
16785.290000 0.415894
16786.650000 0.415332
16788.010000 0.414771
16789.370000 0.414209
16790.730000 0.413620
16792.100000 0.413007
16793.460000 0.412394
16794.820000 0.411782
16796.180000 0.411170
16797.540000 0.410559
16798.910000 0.409948
16800.270000 0.409348
16801.630000 0.408793
16803.000000 0.408238
16804.360000 0.407683
16805.720000 0.407040
16807.090000 0.406380
16808.450000 0.405720
16809.810000 0.405060
16811.180000 0.404401
16812.540000 0.403742
16813.900000 0.403084
16815.270000 0.402426
16816.630000 0.401769
16818.000000 0.401111
16819.360000 0.400455
16820.730000 0.399771
16822.090000 0.399064
16823.460000 0.398358
16824.820000 0.397463
16826.190000 0.395623
16827.550000 0.393786
16828.910000 0.391952
16830.280000 0.390129
16831.640000 0.388346
16833.010000 0.386563
16834.380000 0.384784
16835.740000 0.383005
16837.110000 0.381229
16838.470000 0.379451
16839.840000 0.377678
16841.210000 0.375863
16842.570000 0.374042
16843.940000 0.372225
16845.300000 0.368970
16846.670000 0.364369
16848.040000 0.359779
16849.400000 0.355188
16850.770000 0.350628
16852.140000 0.346092
16853.510000 0.341559
16854.870000 0.337030
16856.240000 0.332506
16857.610000 0.327985
16858.970000 0.323467
16860.340000 0.318944
16861.710000 0.314387
16863.080000 0.309843
16864.450000 0.305303
16865.810000 0.298464
16867.180000 0.291339
16868.550000 0.284212
16869.920000 0.277093
16871.290000 0.270024
16872.660000 0.262954
16874.030000 0.255890
16875.390000 0.248832
16876.760000 0.241781
16878.130000 0.234735
16879.500000 0.227695
16880.870000 0.220662
16882.240000 0.213635
16883.610000 0.206614
16884.980000 0.199793
16886.350000 0.193497
16887.720000 0.187216
16889.090000 0.180940
16890.460000 0.174653
16891.830000 0.168367
16893.200000 0.162079
16894.570000 0.155798
16895.940000 0.149533
16897.310000 0.143266
16898.680000 0.137006
16900.050000 0.130754
16901.420000 0.124525
16902.790000 0.118301
16904.170000 0.112082
16905.540000 0.107517
16906.910000 0.103759
16908.280000 0.100004
16909.650000 0.096247
16911.020000 0.092490
16912.390000 0.088734
16913.770000 0.084977
16915.140000 0.081229
16916.510000 0.077480
16917.880000 0.073736
16919.260000 0.070001
16920.630000 0.066269
16922.000000 0.062545
16923.380000 0.058825
16924.750000 0.055275
16926.120000 0.053378
16927.490000 0.051478
16928.870000 0.049581
16930.240000 0.047686
16931.610000 0.045787
16932.990000 0.043890
16934.360000 0.041995
16935.730000 0.040100
16937.110000 0.038210
16938.480000 0.036319
16939.860000 0.034433
16941.230000 0.032550
16942.610000 0.030670
16943.980000 0.028794
16945.350000 0.027422
16946.730000 0.026502
16948.100000 0.025583
16949.480000 0.024664
16950.850000 0.023745
16952.230000 0.022826
16953.600000 0.021907
16954.980000 0.020990
16956.350000 0.020073
16957.730000 0.019158
16959.110000 0.018242
16960.480000 0.017329
16961.860000 0.016415
16963.230000 0.015504
16964.610000 0.014593
16965.980000 0.014134
16967.360000 0.013682
16968.740000 0.013231
16970.120000 0.012781
16971.490000 0.012334
16972.870000 0.011886
16974.240000 0.011438
16975.620000 0.010991
16977.000000 0.010544
16978.370000 0.010098
16979.750000 0.009652
16981.130000 0.009205
16982.510000 0.008759
16983.890000 0.008313
16985.260000 0.007960
16986.640000 0.007720
16988.020000 0.007479
16989.400000 0.007239
16990.780000 0.006999
16992.150000 0.006760
16993.530000 0.006521
16994.910000 0.006283
16996.290000 0.006045
16997.670000 0.005807
16999.050000 0.005569
17000.430000 0.005331
17001.810000 0.005092
17003.190000 0.004853
17004.560000 0.004615
17005.940000 0.004485
17007.320000 0.004362
17008.700000 0.004238
17010.080000 0.004115
17011.460000 0.003993
17012.840000 0.003871
17014.220000 0.003749
17015.600000 0.003626
17016.980000 0.003505
17018.360000 0.003383
17019.740000 0.003261
17021.130000 0.003139
17022.510000 0.003017
17023.890000 0.002896
17025.270000 0.002794
17026.650000 0.002716
17028.030000 0.002639
17029.410000 0.002561
17030.790000 0.002484
17032.170000 0.002406
17033.560000 0.002329
17034.940000 0.002252
17036.320000 0.002175
17037.700000 0.002098
17039.080000 0.002022
17040.470000 0.001945
17041.850000 0.001869
17043.230000 0.001793
17044.610000 0.001716
17046.000000 0.001680
17047.380000 0.001644
17048.760000 0.001608
17050.140000 0.001573
17051.530000 0.001537
17052.910000 0.001501
17054.290000 0.001466
17055.680000 0.001430
17057.060000 0.001395
17058.450000 0.001359
17059.830000 0.001324
17061.210000 0.001288
17062.600000 0.001253
17063.980000 0.001218
17065.370000 0.001184
17066.750000 0.001152
17068.130000 0.001120
17069.520000 0.001088
17070.900000 0.001056
17072.290000 0.001024
17073.670000 0.000992
17075.060000 0.000960
17076.450000 0.000927
17077.830000 0.000895
17079.210000 0.000864
17080.600000 0.000832
17081.990000 0.000800
17083.370000 0.000768
17084.760000 0.000737
17086.140000 0.000713
17087.530000 0.000690
17088.920000 0.000667
17090.300000 0.000644
17091.690000 0.000621
17093.080000 0.000598
17094.460000 0.000575
17095.850000 0.000552
17097.240000 0.000529
17098.620000 0.000506
17100.010000 0.000483
17101.400000 0.000460
17102.780000 0.000437
17104.170000 0.000415
17105.560000 0.000401
