#       xJ          yJ
#
  0.999800   0.000000
  1.000050   0.000000
  1.000300   0.000039
  1.000550   0.000000
  1.000800   0.000000
  1.001050   0.000000
  1.001300   0.000676
  1.001550   0.000104
  1.001800   0.000000
  1.002050   0.000000
  1.002300   0.000395
  1.002550   0.000686
  1.002800   0.000479
  1.003050   0.000712
  1.003300   0.001034
  1.003550   0.000552
  1.003800   0.000087
  1.004050   0.000967
  1.004300   0.001480
  1.004550   0.000486
  1.004800   0.000000
  1.005050   0.000087
  1.005300   0.000000
  1.005550   0.000000
  1.005800   0.000117
  1.006050   0.001158
  1.006300   0.000642
  1.006550   0.000000
  1.006800   0.000000
  1.007050   0.000046
  1.007300   0.000000
  1.007550   0.000000
  1.007800   0.001180
  1.008050   0.001095
  1.008300   0.000000
  1.008550   0.000000
  1.008800   0.000000
  1.009050   0.000000
  1.009300   0.000209
  1.009550   0.000649
  1.009800   0.001207
  1.010050   0.000454
  1.010300   0.000000
  1.010550   0.000000
  1.010800   0.000594
  1.011050   0.000000
  1.011300   0.000000
  1.011550   0.000000
  1.011800   0.000000
  1.012050   0.000000
  1.012300   0.000045
  1.012550   0.000544
  1.012800   0.000569
  1.013050   0.000159
  1.013300   0.000196
  1.013550   0.000443
  1.013800   0.000000
  1.014050   0.000000
  1.014300   0.000000
  1.014550   0.000910
  1.014800   0.000075
  1.015050   0.000000
  1.015300   0.000044
  1.015550   0.000000
  1.015800   0.000000
  1.016050   0.000000
  1.016300   0.000542
  1.016550   0.000562
  1.016800   0.000000
  1.017050   0.000000
  1.017300   0.000000
  1.017550   0.000000
  1.017800   0.000000
  1.018050   0.000483
  1.018300   0.000800
  1.018550   0.000000
  1.018800   0.000000
  1.019050   0.000000
  1.019300   0.000080
  1.019550   0.000217
  1.019800   0.000439
  1.020050   0.000983
  1.020300   0.000489
  1.020550   0.000000
  1.020800   0.000000
  1.021050   0.000772
  1.021300   0.000102
  1.021550   0.000000
  1.021800   0.000359
  1.022050   0.000000
  1.022300   0.000000
  1.022550   0.000000
  1.022800   0.000050
  1.023050   0.000396
  1.023300   0.000631
  1.023550   0.000718
  1.023800   0.000725
  1.024050   0.000000
  1.024300   0.000000
  1.024550   0.000000
  1.024800   0.000496
  1.025050   0.000000
  1.025300   0.000000
  1.025550   0.000777
  1.025800   0.000694
  1.026050   0.000000
  1.026300   0.000000
  1.026550   0.000881
  1.026800   0.001301
  1.027050   0.000552
  1.027300   0.000000
  1.027550   0.000000
  1.027800   0.000303
  1.028050   0.000000
  1.028300   0.000000
  1.028550   0.000322
  1.028800   0.000000
  1.029050   0.000000
  1.029300   0.000000
  1.029550   0.000000
  1.029800   0.000000
  1.030050   0.000526
  1.030300   0.001068
  1.030550   0.000179
  1.030800   0.000000
  1.031050   0.000000
  1.031300   0.000000
  1.031550   0.000000
  1.031800   0.000000
  1.032050   0.000851
  1.032300   0.000637
  1.032550   0.000000
  1.032800   0.000000
  1.033050   0.000510
  1.033300   0.000460
  1.033550   0.000000
  1.033800   0.000631
  1.034050   0.000707
  1.034300   0.000000
  1.034550   0.000000
  1.034800   0.000000
  1.035050   0.000539
  1.035300   0.000436
  1.035550   0.000000
  1.035800   0.000000
  1.036050   0.000006
  1.036300   0.000000
  1.036550   0.000000
  1.036800   0.000857
  1.037050   0.000571
  1.037300   0.000000
  1.037550   0.000000
  1.037800   0.000000
  1.038050   0.000000
  1.038300   0.000000
  1.038550   0.000601
  1.038800   0.000861
  1.039050   0.000283
  1.039300   0.000000
  1.039550   0.000025
  1.039800   0.000388
  1.040050   0.000208
  1.040300   0.001008
  1.040550   0.001291
  1.040800   0.000000
  1.041050   0.000000
  1.041300   0.000000
  1.041550   0.000000
  1.041800   0.000000
  1.042050   0.000287
  1.042300   0.000521
  1.042550   0.000000
  1.042800   0.000000
  1.043050   0.000000
  1.043300   0.000000
  1.043550   0.000000
  1.043800   0.000096
  1.044050   0.000808
  1.044300   0.000305
  1.044550   0.000000
  1.044800   0.000000
  1.045050   0.000381
  1.045300   0.000878
  1.045550   0.000575
  1.045800   0.000317
  1.046050   0.000423
  1.046300   0.000114
  1.046550   0.000000
  1.046800   0.000353
  1.047050   0.001283
  1.047300   0.000424
  1.047550   0.000000
  1.047800   0.000000
  1.048050   0.000000
  1.048300   0.000000
  1.048550   0.000005
  1.048800   0.000730
  1.049050   0.000327
  1.049300   0.000000
  1.049550   0.000055
  1.049800   0.000278
  1.050050   0.000013
  1.050300   0.000218
  1.050550   0.000876
  1.050800   0.000113
  1.051050   0.000000
  1.051300   0.000000
  1.051550   0.000000
  1.051800   0.000000
  1.052050   0.000000
  1.052300   0.000000
  1.052550   0.000000
  1.052800   0.000000
  1.053050   0.000000
  1.053300   0.000403
  1.053550   0.001003
  1.053800   0.000514
  1.054050   0.000306
  1.054300   0.000313
  1.054550   0.000000
  1.054800   0.000000
  1.055050   0.000604
  1.055300   0.000796
  1.055550   0.000393
  1.055800   0.000326
  1.056050   0.000563
  1.056300   0.000447
  1.056550   0.000054
  1.056800   0.000315
  1.057050   0.000881
  1.057300   0.000394
  1.057550   0.000000
  1.057800   0.000000
  1.058050   0.000000
  1.058300   0.000000
  1.058550   0.000099
  1.058800   0.000859
  1.059050   0.000219
  1.059300   0.000000
  1.059550   0.000000
  1.059800   0.000000
  1.060050   0.000066
  1.060300   0.000238
  1.060550   0.000879
  1.060800   0.000695
  1.061050   0.000000
  1.061300   0.000000
  1.061550   0.000000
  1.061800   0.000000
  1.062050   0.000000
  1.062300   0.000334
  1.062550   0.000481
  1.062800   0.000000
  1.063050   0.000000
  1.063300   0.000422
  1.063550   0.000596
  1.063800   0.000294
  1.064050   0.000053
  1.064300   0.000341
  1.064550   0.000270
  1.064800   0.000000
  1.065050   0.000000
  1.065300   0.000314
  1.065550   0.000000
  1.065800   0.000000
  1.066050   0.000000
  1.066300   0.000000
  1.066550   0.000000
  1.066800   0.000000
  1.067050   0.000550
  1.067300   0.000762
  1.067550   0.000324
  1.067800   0.000006
  1.068050   0.000184
  1.068300   0.000265
  1.068550   0.000427
  1.068800   0.001076
  1.069050   0.001176
  1.069300   0.000607
  1.069550   0.000545
  1.069800   0.000376
  1.070050   0.000000
  1.070300   0.000000
  1.070550   0.000761
  1.070800   0.000791
  1.071050   0.000029
  1.071300   0.000000
  1.071550   0.000000
  1.071800   0.000000
  1.072050   0.000176
  1.072300   0.001089
  1.072550   0.001112
  1.072800   0.000000
  1.073050   0.000000
  1.073300   0.000000
  1.073550   0.000211
  1.073800   0.000000
  1.074050   0.000000
  1.074300   0.000000
  1.074550   0.000000
  1.074800   0.000000
  1.075050   0.000631
  1.075300   0.000813
  1.075550   0.000006
  1.075800   0.000000
  1.076050   0.000376
  1.076300   0.000070
  1.076550   0.000000
  1.076800   0.000803
  1.077050   0.001290
  1.077300   0.000653
  1.077550   0.000059
  1.077800   0.000017
  1.078050   0.000000
  1.078300   0.000000
  1.078550   0.000017
  1.078800   0.000598
  1.079050   0.000237
  1.079300   0.000000
  1.079550   0.000000
  1.079800   0.000000
  1.080050   0.000000
  1.080300   0.000105
  1.080550   0.000984
  1.080800   0.000636
  1.081050   0.000000
  1.081300   0.000052
  1.081550   0.000856
  1.081800   0.000729
  1.082050   0.000219
  1.082300   0.000162
  1.082550   0.000140
  1.082800   0.000000
  1.083050   0.000000
  1.083300   0.000075
  1.083550   0.000201
  1.083800   0.000477
  1.084050   0.000610
  1.084300   0.000109
  1.084550   0.000000
  1.084800   0.000000
  1.085050   0.000441
  1.085300   0.000645
  1.085550   0.000220
  1.085800   0.000093
  1.086050   0.000382
  1.086300   0.000000
  1.086550   0.000000
  1.086800   0.000000
  1.087050   0.000424
  1.087300   0.000120
  1.087550   0.000309
  1.087800   0.000574
  1.088050   0.000000
  1.088300   0.000000
  1.088550   0.000098
  1.088800   0.000816
  1.089050   0.000399
  1.089300   0.000000
  1.089550   0.000172
  1.089800   0.000086
  1.090050   0.000000
  1.090300   0.000466
  1.090550   0.000624
  1.090800   0.000149
  1.091050   0.000000
  1.091300   0.000132
  1.091550   0.000438
  1.091800   0.000000
  1.092050   0.000000
  1.092300   0.000207
  1.092550   0.000012
  1.092800   0.000000
  1.093050   0.000000
  1.093300   0.000354
  1.093550   0.000109
  1.093800   0.000000
  1.094050   0.000000
  1.094300   0.000000
  1.094550   0.000000
  1.094800   0.000000
  1.095050   0.000343
  1.095300   0.000250
  1.095550   0.000000
  1.095800   0.000284
  1.096050   0.000476
  1.096300   0.000000
  1.096550   0.000000
  1.096800   0.000000
  1.097050   0.000000
  1.097300   0.000000
  1.097550   0.000000
  1.097800   0.000011
  1.098050   0.000000
  1.098300   0.000000
  1.098550   0.000259
  1.098800   0.000586
  1.099050   0.000120
  1.099300   0.000000
  1.099550   0.000000
  1.099800   0.000000
  1.100050   0.000000
  1.100300   0.000000
  1.100550   0.000058
  1.100800   0.000000
  1.101050   0.000000
  1.101300   0.000000
  1.101550   0.000000
  1.101800   0.000000
  1.102050   0.000573
  1.102300   0.000489
  1.102550   0.000000
  1.102800   0.000000
  1.103050   0.000415
  1.103300   0.000406
  1.103550   0.000178
  1.103800   0.000596
  1.104050   0.000691
  1.104300   0.000000
  1.104550   0.000000
  1.104800   0.000227
  1.105050   0.000684
  1.105300   0.000620
  1.105550   0.000492
  1.105800   0.000638
  1.106050   0.000097
  1.106300   0.000000
  1.106550   0.000159
  1.106800   0.001614
  1.107050   0.001276
  1.107300   0.000349
  1.107550   0.000320
  1.107800   0.000200
  1.108050   0.000017
  1.108300   0.000526
  1.108550   0.000690
  1.108800   0.000000
  1.109050   0.000000
  1.109300   0.000000
  1.109550   0.000593
  1.109800   0.000667
  1.110050   0.000891
  1.110300   0.000932
  1.110550   0.000138
  1.110800   0.000000
  1.111050   0.000395
  1.111300   0.000460
  1.111550   0.000252
  1.111800   0.000359
  1.112050   0.000430
  1.112300   0.000120
  1.112550   0.000000
  1.112800   0.000208
  1.113050   0.000446
  1.113300   0.000000
  1.113550   0.000000
  1.113800   0.000000
  1.114050   0.000000
  1.114300   0.000335
  1.114550   0.001086
  1.114800   0.001129
  1.115050   0.000088
  1.115300   0.000000
  1.115550   0.000000
  1.115800   0.000507
  1.116050   0.000668
  1.116300   0.000947
  1.116550   0.000776
  1.116800   0.000024
  1.117050   0.000028
  1.117300   0.000947
  1.117550   0.001185
  1.117800   0.000284
  1.118050   0.000000
  1.118300   0.000424
  1.118550   0.000175
  1.118800   0.000291
  1.119050   0.001554
  1.119300   0.002085
  1.119550   0.001462
  1.119800   0.000827
  1.120050   0.000776
  1.120300   0.000939
  1.120550   0.000858
  1.120800   0.001233
  1.121050   0.001932
  1.121300   0.001693
  1.121550   0.001445
  1.121800   0.002315
  1.122050   0.002919
  1.122300   0.002650
  1.122550   0.002222
  1.122800   0.001740
  1.123050   0.001159
  1.123300   0.000979
  1.123550   0.001793
  1.123800   0.002493
  1.124050   0.002281
  1.124300   0.002466
  1.124550   0.002734
  1.124800   0.002001
  1.125050   0.001618
  1.125300   0.002444
  1.125550   0.003050
  1.125800   0.002532
  1.126050   0.002364
  1.126300   0.002999
  1.126550   0.002978
  1.126800   0.002954
  1.127050   0.003932
  1.127300   0.004218
  1.127550   0.003451
  1.127800   0.003615
  1.128050   0.004131
  1.128300   0.004190
  1.128550   0.004516
  1.128800   0.005000
  1.129050   0.004863
  1.129300   0.003831
  1.129550   0.003661
  1.129800   0.004592
  1.130050   0.004954
  1.130300   0.005152
  1.130550   0.005648
  1.130800   0.005539
  1.131050   0.005071
  1.131300   0.005493
  1.131550   0.006425
  1.131800   0.006548
  1.132050   0.006273
  1.132300   0.006579
  1.132550   0.006714
  1.132800   0.006757
  1.133050   0.007707
  1.133300   0.008584
  1.133550   0.008762
  1.133800   0.009015
  1.134050   0.009236
  1.134300   0.009114
  1.134550   0.009501
  1.134800   0.011077
  1.135050   0.012463
  1.135300   0.012317
  1.135550   0.012106
  1.135800   0.012768
  1.136050   0.013093
  1.136300   0.013503
  1.136550   0.014626
  1.136800   0.015361
  1.137050   0.015823
  1.137300   0.016842
  1.137550   0.018281
  1.137800   0.019404
  1.138050   0.020034
  1.138300   0.021147
  1.138550   0.022071
  1.138800   0.022512
  1.139050   0.024055
  1.139300   0.026155
  1.139550   0.027751
  1.139800   0.029158
  1.140050   0.030702
  1.140300   0.032455
  1.140550   0.034293
  1.140800   0.036855
  1.141050   0.039816
  1.141300   0.041717
  1.141550   0.043774
  1.141800   0.046998
  1.142050   0.049959
  1.142300   0.052878
  1.142550   0.056311
  1.142800   0.059671
  1.143050   0.063168
  1.143300   0.067336
  1.143550   0.072062
  1.143800   0.076534
  1.144050   0.081081
  1.144300   0.087024
  1.144550   0.093198
  1.144800   0.098458
  1.145050   0.104527
  1.145300   0.111720
  1.145550   0.118440
  1.145800   0.125685
  1.146050   0.134295
  1.146300   0.143325
  1.146550   0.151725
  1.146800   0.160860
  1.147050   0.171255
  1.147300   0.181335
  1.147550   0.191205
  1.147800   0.202545
  1.148050   0.213990
  1.148300   0.224805
  1.148550   0.236670
  1.148800   0.249165
  1.149050   0.261135
  1.149300   0.273735
  1.149550   0.287385
  1.149800   0.300825
  1.150050   0.313740
  1.150300   0.328020
  1.150550   0.343350
  1.150800   0.357315
  1.151050   0.370440
  1.151300   0.384615
  1.151550   0.400155
  1.151800   0.416115
  1.152050   0.432810
  1.152300   0.449925
  1.152550   0.465045
  1.152800   0.478380
  1.153050   0.491925
  1.153300   0.506520
  1.153550   0.521325
  1.153800   0.537600
  1.154050   0.554715
  1.154300   0.570150
  1.154550   0.584430
  1.154800   0.598185
  1.155050   0.611520
  1.155300   0.624645
  1.155550   0.637560
  1.155800   0.651105
  1.156050   0.665595
  1.156300   0.679035
  1.156550   0.689850
  1.156800   0.699720
  1.157050   0.710010
  1.157300   0.722085
  1.157550   0.734265
  1.157800   0.744030
  1.158050   0.752325
  1.158300   0.762720
  1.158550   0.776265
  1.158800   0.789180
  1.159050   0.801990
  1.159300   0.816060
  1.159550   0.828345
  1.159800   0.838740
  1.160050   0.848400
  1.160300   0.856905
  1.160550   0.864570
  1.160800   0.870765
  1.161050   0.875805
  1.161300   0.880215
  1.161550   0.883680
  1.161800   0.886935
  1.162050   0.889455
  1.162300   0.891450
  1.162550   0.893655
  1.162800   0.896385
  1.163050   0.899010
  1.163300   0.901005
  1.163550   0.903525
  1.163800   0.907200
  1.164050   0.911925
  1.164300   0.916965
  1.164550   0.920010
  1.164800   0.921585
  1.165050   0.923790
  1.165300   0.927990
  1.165550   0.933555
  1.165800   0.938490
  1.166050   0.942900
  1.166300   0.946155
  1.166550   0.945945
  1.166800   0.943425
  1.167050   0.942270
  1.167300   0.942165
  1.167550   0.941850
  1.167800   0.942165
  1.168050   0.942585
  1.168300   0.943635
  1.168550   0.946365
  1.168800   0.949305
  1.169050   0.951405
  1.169300   0.954135
  1.169550   0.958650
  1.169800   0.960645
  1.170050   0.959175
  1.170300   0.957705
  1.170550   0.956760
  1.170800   0.957075
  1.171050   0.958335
  1.171300   0.959070
  1.171550   0.959595
  1.171800   0.961170
  1.172050   0.964215
  1.172300   0.965580
  1.172550   0.963690
  1.172800   0.961800
  1.173050   0.960855
  1.173300   0.958965
  1.173550   0.956025
  1.173800   0.955185
  1.174050   0.955395
  1.174300   0.954450
  1.174550   0.955500
  1.174800   0.958440
  1.175050   0.960645
  1.175300   0.963900
  1.175550   0.966735
  1.175800   0.966210
  1.176050   0.964740
  1.176300   0.965055
  1.176550   0.966630
  1.176800   0.967365
  1.177050   0.968205
  1.177300   0.970725
  1.177550   0.971460
  1.177800   0.968730
  1.178050   0.966735
  1.178300   0.968310
  1.178550   0.971145
  1.178800   0.973140
  1.179050   0.974925
  1.179300   0.976500
  1.179550   0.976710
  1.179800   0.976395
  1.180050   0.974820
  1.180300   0.971040
  1.180550   0.968415
  1.180800   0.968625
  1.181050   0.968205
  1.181300   0.966105
  1.181550   0.965055
  1.181800   0.965790
  1.182050   0.966000
  1.182300   0.965790
  1.182550   0.965055
  1.182800   0.962430
  1.183050   0.959910
  1.183300   0.959385
  1.183550   0.959595
  1.183800   0.958230
  1.184050   0.956550
  1.184300   0.957180
  1.184550   0.958755
  1.184800   0.960015
  1.185050   0.960960
  1.185300   0.961380
  1.185550   0.961695
  1.185800   0.962850
  1.186050   0.964740
  1.186300   0.964845
  1.186550   0.963270
  1.186800   0.961275
  1.187050   0.958860
  1.187300   0.958020
  1.187550   0.957915
  1.187800   0.957810
  1.188050   0.959280
  1.188300   0.961170
  1.188550   0.962010
  1.188800   0.961485
  1.189050   0.960330
  1.189300   0.960750
  1.189550   0.962955
  1.189800   0.965265
  1.190050   0.966840
  1.190300   0.967995
  1.190550   0.968310
  1.190800   0.968205
  1.191050   0.969150
  1.191300   0.970410
  1.191550   0.970620
  1.191800   0.969150
  1.192050   0.966315
  1.192300   0.964530
  1.192550   0.966315
  1.192800   0.969150
  1.193050   0.971355
  1.193300   0.972615
  1.193550   0.970305
  1.193800   0.965580
  1.194050   0.961065
  1.194300   0.956445
  1.194550   0.952245
  1.194800   0.948990
  1.195050   0.947835
  1.195300   0.947415
  1.195550   0.945945
  1.195800   0.945210
  1.196050   0.946680
  1.196300   0.948885
  1.196550   0.949725
  1.196800   0.949725
  1.197050   0.948465
  1.197300   0.944895
  1.197550   0.942375
  1.197800   0.941220
  1.198050   0.939435
  1.198300   0.937335
  1.198550   0.935970
  1.198800   0.935550
  1.199050   0.935025
  1.199300   0.934920
  1.199550   0.933765
  1.199800   0.930930
  1.200050   0.930300
  1.200300   0.932190
  1.200550   0.932610
  1.200800   0.931245
  1.201050   0.930510
  1.201300   0.929460
  1.201550   0.925575
  1.201800   0.921795
  1.202050   0.920220
  1.202300   0.919170
  1.202550   0.919170
  1.202800   0.921375
  1.203050   0.923055
  1.203300   0.922950
  1.203550   0.922320
  1.203800   0.921270
  1.204050   0.919380
  1.204300   0.916125
  1.204550   0.913500
  1.204800   0.912345
  1.205050   0.911190
  1.205300   0.910140
  1.205550   0.910560
  1.205800   0.912870
  1.206050   0.915495
  1.206300   0.918855
  1.206550   0.922110
  1.206800   0.923790
  1.207050   0.926310
  1.207300   0.928725
  1.207550   0.928620
  1.207800   0.927360
  1.208050   0.925995
  1.208300   0.925470
  1.208550   0.925260
  1.208800   0.924630
  1.209050   0.922005
  1.209300   0.918225
  1.209550   0.916860
  1.209800   0.918330
  1.210050   0.921585
  1.210300   0.925365
  1.210550   0.928620
  1.210800   0.930090
  1.211050   0.929250
  1.211300   0.926730
  1.211550   0.924210
  1.211800   0.924945
  1.212050   0.927360
  1.212300   0.928935
  1.212550   0.930405
  1.212800   0.930090
  1.213050   0.927570
  1.213300   0.925995
  1.213550   0.926835
  1.213800   0.929040
  1.214050   0.932085
  1.214300   0.936495
  1.214550   0.941115
  1.214800   0.943740
  1.215050   0.944790
  1.215300   0.945945
  1.215550   0.946260
  1.215800   0.947520
  1.216050   0.949725
  1.216300   0.948360
  1.216550   0.943530
  1.216800   0.940380
  1.217050   0.941220
  1.217300   0.943845
  1.217550   0.947835
  1.217800   0.953400
  1.218050   0.956865
  1.218300   0.956865
  1.218550   0.955395
  1.218800   0.953820
  1.219050   0.952770
  1.219300   0.953505
  1.219550   0.955500
  1.219800   0.955920
  1.220050   0.956760
  1.220300   0.960120
  1.220550   0.963375
  1.220800   0.964635
  1.221050   0.965580
  1.221300   0.969150
  1.221550   0.973350
  1.221800   0.976290
  1.222050   0.978390
  1.222300   0.978705
  1.222550   0.978495
  1.222800   0.979755
  1.223050   0.982485
  1.223300   0.985320
  1.223550   0.986475
  1.223800   0.984270
  1.224050   0.979650
  1.224300   0.975030
  1.224550   0.972720
  1.224800   0.973560
  1.225050   0.976290
  1.225300   0.977655
  1.225550   0.975975
  1.225800   0.973560
  1.226050   0.971775
  1.226300   0.970725
  1.226550   0.970620
  1.226800   0.971145
  1.227050   0.970305
  1.227300   0.968205
  1.227550   0.967680
  1.227800   0.967470
  1.228050   0.967155
  1.228300   0.969045
  1.228550   0.970515
  1.228800   0.969465
  1.229050   0.968100
  1.229300   0.967575
  1.229550   0.966945
  1.229800   0.965580
  1.230050   0.965895
  1.230300   0.965895
  1.230550   0.964215
  1.230800   0.964110
  1.231050   0.965160
  1.231300   0.966525
  1.231550   0.968100
  1.231800   0.969255
  1.232050   0.967995
  1.232300   0.964845
  1.232550   0.964320
  1.232800   0.965790
  1.233050   0.967785
  1.233300   0.970515
  1.233550   0.973035
  1.233800   0.973350
  1.234050   0.972090
  1.234300   0.970620
  1.234550   0.968415
  1.234800   0.966840
  1.235050   0.966735
  1.235300   0.967575
  1.235550   0.969150
  1.235800   0.970095
  1.236050   0.969780
  1.236300   0.968310
  1.236550   0.965790
  1.236800   0.963690
  1.237050   0.963690
  1.237300   0.965895
  1.237550   0.968310
  1.237800   0.969570
  1.238050   0.971670
  1.238300   0.972720
  1.238550   0.970200
  1.238800   0.967680
  1.239050   0.966630
  1.239300   0.965370
  1.239550   0.964740
  1.239800   0.965685
  1.240050   0.966420
  1.240300   0.965370
  1.240550   0.965370
  1.240800   0.965580
  1.241050   0.962955
  1.241300   0.960435
  1.241550   0.961695
  1.241800   0.964320
  1.242050   0.966105
  1.242300   0.968205
  1.242550   0.968310
  1.242800   0.966105
  1.243050   0.965055
  1.243300   0.965055
  1.243550   0.964530
  1.243800   0.962745
  1.244050   0.961065
  1.244300   0.960435
  1.244550   0.961275
  1.244800   0.962430
  1.245050   0.960645
  1.245300   0.956760
  1.245550   0.955185
  1.245800   0.956340
  1.246050   0.956970
  1.246300   0.956550
  1.246550   0.956340
  1.246800   0.954240
  1.247050   0.951615
  1.247300   0.951090
  1.247550   0.949725
  1.247800   0.945945
  1.248050   0.943110
  1.248300   0.941430
  1.248550   0.937860
  1.248800   0.933450
  1.249050   0.931350
  1.249300   0.930615
  1.249550   0.930615
  1.249800   0.930720
  1.250050   0.928200
  1.250300   0.924315
  1.250550   0.921480
  1.250800   0.918855
  1.251050   0.915810
  1.251300   0.913815
  1.251550   0.912765
  1.251800   0.911505
  1.252050   0.911610
  1.252300   0.913185
  1.252550   0.912765
  1.252800   0.910560
  1.253050   0.907725
  1.253300   0.903945
  1.253550   0.899640
  1.253800   0.895335
  1.254050   0.892290
  1.254300   0.889980
  1.254550   0.887145
  1.254800   0.884310
  1.255050   0.883680
  1.255300   0.883890
  1.255550   0.885675
  1.255800   0.889350
  1.256050   0.891765
  1.256300   0.890715
  1.256550   0.885885
  1.256800   0.881475
  1.257050   0.880845
  1.257300   0.882420
  1.257550   0.886200
  1.257800   0.890085
  1.258050   0.892290
  1.258300   0.894495
  1.258550   0.895755
  1.258800   0.895335
  1.259050   0.894390
  1.259300   0.893760
  1.259550   0.892815
  1.259800   0.891450
  1.260050   0.891660
  1.260300   0.891555
  1.260550   0.888930
  1.260800   0.886830
  1.261050   0.885885
  1.261300   0.884835
  1.261550   0.884835
  1.261800   0.887145
  1.262050   0.889035
  1.262300   0.890190
  1.262550   0.892815
  1.262800   0.895755
  1.263050   0.897015
  1.263300   0.898170
  1.263550   0.900375
  1.263800   0.901005
  1.264050   0.900165
  1.264300   0.901320
  1.264550   0.903840
  1.264800   0.906360
  1.265050   0.908250
  1.265300   0.908880
  1.265550   0.908985
  1.265800   0.911295
  1.266050   0.915075
  1.266300   0.916230
  1.266550   0.915915
  1.266800   0.916125
  1.267050   0.915390
  1.267300   0.914445
  1.267550   0.914655
  1.267800   0.915705
  1.268050   0.916755
  1.268300   0.918750
  1.268550   0.921900
  1.268800   0.925050
  1.269050   0.928410
  1.269300   0.931560
  1.269550   0.934920
  1.269800   0.939225
  1.270050   0.943215
  1.270300   0.945840
  1.270550   0.946575
  1.270800   0.946260
  1.271050   0.948360
  1.271300   0.952665
  1.271550   0.956025
  1.271800   0.958335
  1.272050   0.961380
  1.272300   0.964425
  1.272550   0.966525
  1.272800   0.968310
  1.273050   0.970725
  1.273300   0.971880
  1.273550   0.971670
  1.273800   0.973140
  1.274050   0.975660
  1.274300   0.978285
  1.274550   0.980280
  1.274800   0.979440
  1.275050   0.977865
  1.275300   0.977760
  1.275550   0.976605
  1.275800   0.974610
  1.276050   0.974190
  1.276300   0.974295
  1.276550   0.973035
  1.276800   0.972930
  1.277050   0.974610
  1.277300   0.974820
  1.277550   0.973245
  1.277800   0.970935
  1.278050   0.967050
  1.278300   0.961905
  1.278550   0.957810
  1.278800   0.953610
  1.279050   0.949725
  1.279300   0.949200
  1.279550   0.950670
  1.279800   0.952035
  1.280050   0.953190
  1.280300   0.953400
  1.280550   0.950355
  1.280800   0.944895
  1.281050   0.938700
  1.281300   0.932400
  1.281550   0.929040
  1.281800   0.929565
  1.282050   0.930615
  1.282300   0.930930
  1.282550   0.930930
  1.282800   0.929565
  1.283050   0.926940
  1.283300   0.925470
  1.283550   0.925050
  1.283800   0.923265
  1.284050   0.920220
  1.284300   0.917070
  1.284550   0.912870
  1.284800   0.907515
  1.285050   0.903420
  1.285300   0.902685
  1.285550   0.903210
  1.285800   0.902895
  1.286050   0.902475
  1.286300   0.902790
  1.286550   0.902265
  1.286800   0.900270
  1.287050   0.897015
  1.287300   0.894810
  1.287550   0.897015
  1.287800   0.900900
  1.288050   0.902370
  1.288300   0.900375
  1.288550   0.897330
  1.288800   0.896385
  1.289050   0.898065
  1.289300   0.902265
  1.289550   0.905205
  1.289800   0.903105
  1.290050   0.897225
  1.290300   0.891135
  1.290550   0.885885
  1.290800   0.882630
  1.291050   0.883260
  1.291300   0.884625
  1.291550   0.885465
  1.291800   0.887565
  1.292050   0.890085
  1.292300   0.891135
  1.292550   0.891765
  1.292800   0.892395
  1.293050   0.889455
  1.293300   0.883785
  1.293550   0.880005
  1.293800   0.878640
  1.294050   0.879900
  1.294300   0.882000
  1.294550   0.882630
  1.294800   0.883470
  1.295050   0.886515
  1.295300   0.890295
  1.295550   0.892395
  1.295800   0.895650
  1.296050   0.898695
  1.296300   0.897750
  1.296550   0.896595
  1.296800   0.898170
  1.297050   0.901425
  1.297300   0.905940
  1.297550   0.912660
  1.297800   0.918960
  1.298050   0.923055
  1.298300   0.926310
  1.298550   0.928200
  1.298800   0.927570
  1.299050   0.926100
  1.299300   0.925575
  1.299550   0.926625
  1.299800   0.930090
  1.300050   0.932085
  1.300300   0.931350
  1.300550   0.930720
  1.300800   0.929565
  1.301050   0.927990
  1.301300   0.929565
  1.301550   0.934500
  1.301800   0.939435
  1.302050   0.942480
  1.302300   0.944055
  1.302550   0.944055
  1.302800   0.943635
  1.303050   0.943530
  1.303300   0.943950
  1.303550   0.945630
  1.303800   0.947415
  1.304050   0.949515
  1.304300   0.952350
  1.304550   0.954450
  1.304800   0.955185
  1.305050   0.955815
  1.305300   0.957705
  1.305550   0.960330
  1.305800   0.963060
  1.306050   0.965055
  1.306300   0.966000
  1.306550   0.967680
  1.306800   0.970620
  1.307050   0.971565
  1.307300   0.970620
  1.307550   0.970935
  1.307800   0.971355
  1.308050   0.971670
  1.308300   0.972720
  1.308550   0.975240
  1.308800   0.980490
  1.309050   0.987840
  1.309300   0.993510
  1.309550   0.994875
  1.309800   0.995295
  1.310050   0.995610
  1.310300   0.994980
  1.310550   0.995610
  1.310800   0.997080
  1.311050   0.996345
  1.311300   0.995400
  1.311550   0.995610
  1.311800   0.994560
  1.312050   0.993300
  1.312300   0.993195
  1.312550   0.992040
  1.312800   0.990045
  1.313050   0.990045
  1.313300   0.990465
  1.313550   0.988995
  1.313800   0.986685
  1.314050   0.983325
  1.314300   0.979335
  1.314550   0.976605
  1.314800   0.974400
  1.315050   0.971355
  1.315300   0.970095
  1.315550   0.971880
  1.315800   0.972615
  1.316050   0.971670
  1.316300   0.971040
  1.316550   0.969990
  1.316800   0.971040
  1.317050   0.974925
  1.317300   0.978390
  1.317550   0.979650
  1.317800   0.980490
  1.318050   0.980280
  1.318300   0.977970
  1.318550   0.975450
  1.318800   0.972300
  1.319050   0.968625
  1.319300   0.966525
  1.319550   0.966630
  1.319800   0.968415
  1.320050   0.971985
  1.320300   0.974085
  1.320550   0.973140
  1.320800   0.971040
  1.321050   0.967575
  1.321300   0.965055
  1.321550   0.965895
  1.321800   0.968310
  1.322050   0.969360
  1.322300   0.968940
  1.322550   0.968625
  1.322800   0.968310
  1.323050   0.966525
  1.323300   0.964215
  1.323550   0.962850
  1.323800   0.961485
  1.324050   0.960225
  1.324300   0.959490
  1.324550   0.959595
  1.324800   0.960540
  1.325050   0.961695
  1.325300   0.962535
  1.325550   0.961905
  1.325800   0.960855
  1.326050   0.960645
  1.326300   0.959280
  1.326550   0.958335
  1.326800   0.959385
  1.327050   0.961695
  1.327300   0.963795
  1.327550   0.964425
  1.327800   0.964845
  1.328050   0.965160
  1.328300   0.966315
  1.328550   0.969150
  1.328800   0.971145
  1.329050   0.972090
  1.329300   0.973140
  1.329550   0.971355
  1.329800   0.968520
  1.330050   0.968100
  1.330300   0.968205
  1.330550   0.969360
  1.330800   0.971775
  1.331050   0.972300
  1.331300   0.970410
  1.331550   0.969360
  1.331800   0.970305
  1.332050   0.971460
  1.332300   0.972510
  1.332550   0.972195
  1.332800   0.971880
  1.333050   0.975345
  1.333300   0.981120
  1.333550   0.984165
  1.333800   0.985215
  1.334050   0.985950
  1.334300   0.985845
  1.334550   0.985740
  1.334800   0.985005
  1.335050   0.983115
  1.335300   0.982380
  1.335550   0.983955
  1.335800   0.986265
  1.336050   0.989205
  1.336300   0.992355
  1.336550   0.992145
  1.336800   0.989310
  1.337050   0.988155
  1.337300   0.988890
  1.337550   0.989940
  1.337800   0.990675
  1.338050   0.991305
  1.338300   0.991095
  1.338550   0.989625
  1.338800   0.987105
  1.339050   0.984585
  1.339300   0.982170
  1.339550   0.979650
  1.339800   0.975975
  1.340050   0.973770
  1.340300   0.975345
  1.340550   0.977970
  1.340800   0.980385
  1.341050   0.982695
  1.341300   0.983850
  1.341550   0.982695
  1.341800   0.980175
  1.342050   0.976920
  1.342300   0.971565
  1.342550   0.963480
  1.342800   0.956865
  1.343050   0.953505
  1.343300   0.950355
  1.343550   0.947940
  1.343800   0.945000
  1.344050   0.939015
  1.344300   0.933135
  1.344550   0.927255
  1.344800   0.918015
  1.345050   0.908565
  1.345300   0.900900
  1.345550   0.891555
  1.345800   0.881790
  1.346050   0.874020
  1.346300   0.864990
  1.346550   0.854910
  1.346800   0.845145
  1.347050   0.832545
  1.347300   0.818475
  1.347550   0.806295
  1.347800   0.793170
  1.348050   0.778260
  1.348300   0.762930
  1.348550   0.747075
  1.348800   0.730590
  1.349050   0.713580
  1.349300   0.695940
  1.349550   0.677355
  1.349800   0.658980
  1.350050   0.639765
  1.350300   0.619815
  1.350550   0.600390
  1.350800   0.581175
  1.351050   0.561540
  1.351300   0.542010
  1.351550   0.523950
  1.351800   0.506205
  1.352050   0.486675
  1.352300   0.468825
  1.352550   0.453810
  1.352800   0.437955
  1.353050   0.421260
  1.353300   0.404250
  1.353550   0.388185
  1.353800   0.374115
  1.354050   0.361200
  1.354300   0.346815
  1.354550   0.330330
  1.354800   0.315315
  1.355050   0.303660
  1.355300   0.290430
  1.355550   0.274365
  1.355800   0.262815
  1.356050   0.253575
  1.356300   0.244020
  1.356550   0.232050
  1.356800   0.218505
  1.357050   0.208635
  1.357300   0.199605
  1.357550   0.191205
  1.357800   0.184065
  1.358050   0.174930
  1.358300   0.165375
  1.358550   0.158655
  1.358800   0.153300
  1.359050   0.144690
  1.359300   0.136080
  1.359550   0.130515
  1.359800   0.124740
  1.360050   0.119385
  1.360300   0.114765
  1.360550   0.108780
  1.360800   0.103131
  1.361050   0.098920
  1.361300   0.093849
  1.361550   0.088021
  1.361800   0.083632
  1.362050   0.080335
  1.362300   0.076682
  1.362550   0.073258
  1.362800   0.070434
  1.363050   0.067630
  1.363300   0.064596
  1.363550   0.061887
  1.363800   0.060196
  1.364050   0.057466
  1.364300   0.052962
  1.364550   0.050809
  1.364800   0.049298
  1.365050   0.046253
  1.365300   0.044362
  1.365550   0.043554
  1.365800   0.041443
  1.366050   0.038745
  1.366300   0.036792
  1.366550   0.035301
  1.366800   0.033736
  1.367050   0.032938
  1.367300   0.032182
  1.367550   0.029694
  1.367800   0.028014
  1.368050   0.027468
  1.368300   0.026334
  1.368550   0.025557
  1.368800   0.024906
  1.369050   0.023394
  1.369300   0.021945
  1.369550   0.021630
  1.369800   0.021231
  1.370050   0.019855
  1.370300   0.018532
  1.370550   0.017777
  1.370800   0.016905
  1.371050   0.016485
  1.371300   0.016611
  1.371550   0.016096
  1.371800   0.015036
  1.372050   0.014616
  1.372300   0.013702
  1.372550   0.011917
  1.372800   0.011644
  1.373050   0.012568
  1.373300   0.012127
  1.373550   0.010867
  1.373800   0.010441
  1.374050   0.010574
  1.374300   0.010009
  1.374550   0.009996
  1.374800   0.010531
  1.375050   0.008910
  1.375300   0.007474
  1.375550   0.007940
  1.375800   0.007517
  1.376050   0.007597
  1.376300   0.008979
  1.376550   0.008597
  1.376800   0.006661
  1.377050   0.006124
  1.377300   0.006394
  1.377550   0.006053
  1.377800   0.005997
  1.378050   0.006438
  1.378300   0.005506
  1.378550   0.003930
  1.378800   0.004444
  1.379050   0.005879
  1.379300   0.005925
  1.379550   0.005253
  1.379800   0.004539
  1.380050   0.002248
  1.380300   0.000742
  1.380550   0.003248
  1.380800   0.004146
  1.381050   0.003829
  1.381300   0.004699
  1.381550   0.004362
  1.381800   0.002477
  1.382050   0.001846
  1.382300   0.003865
  1.382550   0.004422
  1.382800   0.003746
  1.383050   0.004080
  1.383300   0.003002
  1.383550   0.000727
  1.383800   0.001869
  1.384050   0.003796
  1.384300   0.003359
  1.384550   0.001960
  1.384800   0.001258
  1.385050   0.000727
  1.385300   0.000682
  1.385550   0.002193
  1.385800   0.002554
  1.386050   0.000690
  1.386300   0.000023
  1.386550   0.000354
  1.386800   0.000408
  1.387050   0.001256
  1.387300   0.002251
  1.387550   0.001616
  1.387800   0.001108
  1.388050   0.001451
  1.388300   0.001285
  1.388550   0.001767
  1.388800   0.003048
  1.389050   0.002745
  1.389300   0.000917
  1.389550   0.000639
  1.389800   0.001643
  1.390050   0.001854
  1.390300   0.002255
  1.390550   0.002163
  1.390800   0.000270
  1.391050   0.000000
  1.391300   0.000418
  1.391550   0.001188
  1.391800   0.002004
  1.392050   0.002633
  1.392300   0.001356
  1.392550   0.000000
  1.392800   0.000515
  1.393050   0.002311
  1.393300   0.001914
  1.393550   0.001072
  1.393800   0.001014
  1.394050   0.000175
  1.394300   0.000000
  1.394550   0.001214
  1.394800   0.002224
  1.395050   0.000848
  1.395300   0.000000
  1.395550   0.000000
  1.395800   0.000000
  1.396050   0.000672
  1.396300   0.001589
  1.396550   0.000435
  1.396800   0.000000
  1.397050   0.000619
  1.397300   0.001512
  1.397550   0.001617
  1.397800   0.001750
  1.398050   0.001708
  1.398300   0.000779
  1.398550   0.000921
  1.398800   0.002358
  1.399050   0.002123
  1.399300   0.001003
  1.399550   0.001003
  1.399800   0.000837
  1.400050   0.000693
  1.400300   0.001772
  1.400550   0.001994
  1.400800   0.000528
  1.401050   0.000000
  1.401300   0.000612
  1.401550   0.000643
  1.401800   0.000844
  1.402050   0.001486
  1.402300   0.000801
  1.402550   0.000009
  1.402800   0.000577
  1.403050   0.000841
  1.403300   0.000345
  1.403550   0.000741
  1.403800   0.000818
  1.404050   0.000000
  1.404300   0.000000
  1.404550   0.000754
  1.404800   0.000312
  1.405050   0.000370
  1.405300   0.000193
  1.405550   0.000000
  1.405800   0.000000
  1.406050   0.000521
  1.406300   0.000823
  1.406550   0.000619
  1.406800   0.000915
  1.407050   0.000614
  1.407300   0.000000
  1.407550   0.000000
  1.407800   0.000468
  1.408050   0.000266
  1.408300   0.000593
  1.408550   0.000782
  1.408800   0.000000
  1.409050   0.000416
  1.409300   0.001236
  1.409550   0.000790
  1.409800   0.000262
  1.410050   0.000143
  1.410300   0.000101
  1.410550   0.000631
  1.410800   0.001847
  1.411050   0.001362
  1.411300   0.000000
  1.411550   0.000000
  1.411800   0.000677
  1.412050   0.000951
  1.412300   0.001123
  1.412550   0.000551
  1.412800   0.000000
  1.413050   0.000000
  1.413300   0.000566
  1.413550   0.001435
  1.413800   0.001084
  1.414050   0.001316
  1.414300   0.000943
  1.414550   0.000182
  1.414800   0.000942
  1.415050   0.001392
  1.415300   0.001007
  1.415550   0.001057
  1.415800   0.000518
  1.416050   0.000000
  1.416300   0.000532
  1.416550   0.001258
  1.416800   0.001018
  1.417050   0.000761
  1.417300   0.000900
  1.417550   0.000569
  1.417800   0.000058
  1.418050   0.000443
  1.418300   0.000281
  1.418550   0.000000
  1.418800   0.000253
  1.419050   0.000983
  1.419300   0.000652
  1.419550   0.001058
  1.419800   0.000870
  1.420050   0.000000
  1.420300   0.000000
  1.420550   0.000846
  1.420800   0.000852
  1.421050   0.000291
  1.421300   0.000666
  1.421550   0.000295
  1.421800   0.000000
  1.422050   0.000691
  1.422300   0.001117
  1.422550   0.000910
  1.422800   0.001076
  1.423050   0.000819
  1.423300   0.000162
  1.423550   0.000735
  1.423800   0.001721
  1.424050   0.000988
  1.424300   0.000276
  1.424550   0.000326
  1.424800   0.000000
  1.425050   0.000000
  1.425300   0.000887
  1.425550   0.000615
  1.425800   0.000134
  1.426050   0.000000
  1.426300   0.000166
  1.426550   0.000653
  1.426800   0.001149
  1.427050   0.000772
  1.427300   0.000000
  1.427550   0.000000
  1.427800   0.000356
  1.428050   0.000333
  1.428300   0.000457
  1.428550   0.000592
  1.428800   0.000054
  1.429050   0.000086
  1.429300   0.001096
  1.429550   0.001294
  1.429800   0.000772
  1.430050   0.001103
  1.430300   0.000479
  1.430550   0.000000
  1.430800   0.000000
  1.431050   0.000718
  1.431300   0.000289
  1.431550   0.000066
  1.431800   0.000000
  1.432050   0.000000
  1.432300   0.000615
  1.432550   0.000795
  1.432800   0.000015
  1.433050   0.000000
  1.433300   0.000467
  1.433550   0.000906
  1.433800   0.001008
  1.434050   0.000992
  1.434300   0.000017
  1.434550   0.000049
  1.434800   0.000600
  1.435050   0.000079
  1.435300   0.000000
  1.435550   0.000000
  1.435800   0.000000
  1.436050   0.000000
  1.436300   0.000000
  1.436550   0.000324
  1.436800   0.000114
  1.437050   0.000059
  1.437300   0.000000
  1.437550   0.000000
  1.437800   0.000625
  1.438050   0.000934
  1.438300   0.000110
  1.438550   0.000364
  1.438800   0.000721
  1.439050   0.000378
  1.439300   0.000474
  1.439550   0.000671
  1.439800   0.000008
  1.440050   0.000000
  1.440300   0.000000
  1.440550   0.000000
  1.440800   0.000000
  1.441050   0.000723
  1.441300   0.000122
  1.441550   0.000000
  1.441800   0.000000
  1.442050   0.000181
  1.442300   0.000595
  1.442550   0.001022
  1.442800   0.000296
  1.443050   0.000000
  1.443300   0.000008
  1.443550   0.000741
  1.443800   0.000267
  1.444050   0.000032
  1.444300   0.000000
  1.444550   0.000000
  1.444800   0.000095
  1.445050   0.000910
  1.445300   0.000410
  1.445550   0.000000
  1.445800   0.000000
  1.446050   0.000000
  1.446300   0.000000
  1.446550   0.000633
  1.446800   0.000244
  1.447050   0.000211
  1.447300   0.000000
  1.447550   0.000000
  1.447800   0.000000
  1.448050   0.000345
  1.448300   0.000000
  1.448550   0.000000
  1.448800   0.000450
  1.449050   0.000024
  1.449300   0.000245
  1.449550   0.001396
  1.449800   0.000580
