14701.0681582804  0.2236577
14702.7025158769  0.2261874
14704.3368734734  0.2286736
14705.9712310699  0.2311151
14707.6055886663  0.233511
14709.2399462628  0.2358645
14710.8743038593  0.2381733
14712.5086614558  0.2404406
14714.1430190523  0.242664
14715.7773766488  0.2448468
14717.4117342452  0.2469879
14719.0460918417  0.2490865
14720.6804494382  0.2511456
14722.3148070347  0.2531632
14723.9491646312  0.2551421
14725.5835222277  0.2570814
14727.2178798241  0.2589806
14728.8522374206  0.2608423
14730.4865950171  0.2626646
14732.1209526136  0.2644504
14733.7553102101  0.2661978
14735.3896678065  0.2679093
14737.024025403  0.2695843
14738.6583829995  0.2712222
14740.292740596  0.2728256
14741.9270981925  0.2743928
14743.561455789  0.2759262
14745.1958133854  0.2774252
14746.8301709819  0.2788895
14748.4645285784  0.2803212
14750.0988861749  0.281719
14751.7332437714  0.283085
14753.3676013679  0.284418
14755.0019589643  0.2857201
14756.6363165608  0.2869909
14758.2706741573  0.28823
14759.9050317538  0.2894394
14761.5393893503  0.290618
14763.1737469468  0.2917678
14764.8081045432  0.2928877
14766.4424621397  0.2939795
14768.0768197362  0.295043
14769.7111773327  0.296078
14771.3455349292  0.2970861
14772.9798925256  0.2980667
14774.6142501221  0.2990212
14776.2486077186  0.2999496
14777.8829653151  0.3008517
14779.5173229116  0.3017289
14781.1516805081  0.3025808
14782.7860381045  0.3034088
14784.420395701  0.3042122
14786.0547532975  0.3049926
14787.689110894  0.3057497
14789.3234684905  0.3064838
14790.957826087  0.3071959
14792.5921836834  0.3078857
14794.2265412799  0.3085545
14795.8608988764  0.3092023
14797.4952564729  0.3098291
14799.1296140694  0.3104361
14800.7639716659  0.3110231
14802.3983292623  0.3115911
14804.0326868588  0.3121398
14805.6670444553  0.3126705
14807.3014020518  0.3131832
14808.9357596483  0.313678
14810.5701172448  0.3141559
14812.2044748412  0.3146169
14813.8388324377  0.3150618
14815.4731900342  0.3154908
14817.1075476307  0.3159042
14818.7419052272  0.3163028
14820.3762628236  0.3166866
14822.0106204201  0.3170564
14823.6449780166  0.3174124
14825.2793356131  0.3177553
14826.9136932096  0.3180853
14828.5480508061  0.3184026
14830.1824084025  0.3187082
14831.816765999  0.3190021
14833.4511235955  0.3192849
14835.085481192  0.319557
14836.7198387885  0.3198188
14838.354196385  0.3200708
14839.9885539814  0.3203132
14841.6229115779  0.3205468
14843.2572691744  0.3207717
14844.8916267709  0.3209886
14846.5259843674  0.3211978
14848.1603419639  0.3213995
14849.7946995603  0.3215946
14851.4290571568  0.3217831
14853.0634147533  0.3219658
14854.6977723498  0.3221429
14856.3321299463  0.3223147
14857.9664875428  0.322482
14859.6008451392  0.3226449
14861.2352027357  0.3228041
14862.8695603322  0.3229597
14864.5039179287  0.3231124
14866.1382755252  0.3232626
14867.7726331217  0.3234106
14869.4069907181  0.323557
14871.0413483146  0.3237018
14872.6757059111  0.3238452
14874.3100635076  0.3239871
14875.9444211041  0.3241274
14877.5787787005  0.3242665
14879.213136297  0.324404
14880.8474938935  0.32454
14882.48185149  0.3246747
14884.1162090865  0.324808
14885.750566683  0.3249398
14887.3849242794  0.3250703
14889.0192818759  0.3251993
14890.6536394724  0.325327
14892.2879970689  0.3254533
14893.9223546654  0.3255782
14895.5567122619  0.3257019
14897.1910698583  0.3258241
14898.8254274548  0.325945
14900.4597850513  0.3260646
14902.0941426478  0.3261829
14903.7285002443  0.3262999
14905.3628578408  0.3264156
14906.9972154372  0.32653
14908.6315730337  0.3266431
14910.2659306302  0.3267549
14911.9002882267  0.3268655
14913.5346458232  0.3269748
14915.1690034196  0.327083
14916.8033610161  0.3271899
14918.4377186126  0.3272954
14920.0720762091  0.3273999
14921.7064338056  0.3275031
14923.3407914021  0.3276052
14924.9751489985  0.327706
14926.609506595  0.3278056
14928.2438641915  0.3279042
14929.878221788  0.3280014
14931.5125793845  0.3280976
14933.146936981  0.3281927
14934.7812945774  0.3282866
14936.4156521739  0.3283794
14938.0500097704  0.328471
14939.6843673669  0.3285617
14941.3187249634  0.3286511
14942.9530825599  0.3287395
14944.5874401563  0.3288268
14946.2217977528  0.3289131
14947.8561553493  0.3289983
14949.4905129458  0.3290824
14951.1248705423  0.3291655
14952.7592281388  0.3292476
14954.3935857352  0.3293287
14956.0279433317  0.3294087
14957.6623009282  0.3294877
14959.2966585247  0.3295657
14960.9310161212  0.3296428
14962.5653737176  0.3297189
14964.1997313141  0.329794
14965.8340889106  0.3298681
14967.4684465071  0.3299413
14969.1028041036  0.3300136
14970.7371617001  0.3300849
14972.3715192965  0.3301553
14974.005876893  0.3302249
14975.6402344895  0.3302935
14977.274592086  0.3303612
14978.9089496825  0.330428
14980.543307279  0.330494
14982.1776648754  0.330559
14983.8120224719  0.3306233
14985.4463800684  0.3306867
14987.0807376649  0.3307492
14988.7150952614  0.3308109
14990.3494528579  0.3308718
14991.9838104543  0.3309319
14993.6181680508  0.3309912
14995.2525256473  0.3310497
14996.8868832438  0.3311074
14998.5212408403  0.3311643
15000.1555984367  0.3312205
15001.7899560332  0.3312759
15003.4243136297  0.3313305
15005.0586712262  0.3313845
15006.6930288227  0.3314377
15008.3273864192  0.3314902
15009.9617440156  0.331542
15011.5961016121  0.331593
15013.2304592086  0.3316434
15014.8648168051  0.3316931
15016.4991744016  0.3317421
15018.1335319981  0.3317905
15019.7678895945  0.3318382
15021.402247191  0.3318853
15023.0366047875  0.3319317
15024.670962384  0.3319775
15026.3053199805  0.3320227
15027.939677577  0.3320673
15029.5740351734  0.3321113
15031.2083927699  0.3321546
15032.8427503664  0.3321974
15034.4771079629  0.3322397
15036.1114655594  0.3322813
15037.7458231558  0.3323224
15039.3801807523  0.332363
15041.0145383488  0.332403
15042.6488959453  0.3324425
15044.2832535418  0.3324815
15045.9176111383  0.33252
15047.5519687347  0.332558
15049.1863263312  0.3325955
15050.8206839277  0.3326325
15052.4550415242  0.332669
15054.0893991207  0.3327051
15055.7237567172  0.3327407
15057.3581143136  0.3327759
15058.9924719101  0.3328106
15060.6268295066  0.332845
15062.2611871031  0.3328789
15063.8955446996  0.3329124
15065.5299022961  0.3329455
15067.1642598925  0.3329782
15068.798617489  0.3330105
15070.4329750855  0.3330425
15072.067332682  0.3330741
15073.7016902785  0.3331054
15075.3360478749  0.3331362
15076.9704054714  0.3331668
15078.6047630679  0.333197
15080.2391206644  0.333227
15081.8734782609  0.3332566
15083.5078358574  0.3332859
15085.1421934538  0.333315
15086.7765510503  0.3333437
15088.4109086468  0.3333722
15090.0452662433  0.3334004
15091.6796238398  0.3334284
15093.3139814363  0.3334562
15094.9483390327  0.3334837
15096.5826966292  0.333511
15098.2170542257  0.333538
15099.8514118222  0.3335648
15101.4857694187  0.3335914
15103.1201270152  0.3336178
15104.7544846116  0.333644
15106.3888422081  0.33367
15108.0231998046  0.3336958
15109.6575574011  0.3337214
15111.2919149976  0.3337469
15112.9262725941  0.3337722
15114.5606301905  0.3337973
15116.194987787  0.3338222
15117.8293453835  0.333847
15119.46370298  0.3338717
15121.0980605765  0.3338961
15122.732418173  0.3339205
15124.3667757694  0.3339447
15126.0011333659  0.3339688
15127.6354909624  0.3339928
15129.2698485589  0.3340166
15130.9042061554  0.3340404
15132.5385637518  0.334064
15134.1729213483  0.3340875
15135.8072789448  0.3341109
15137.4416365413  0.3341343
15139.0759941378  0.3341576
15140.7103517343  0.3341808
15142.3447093307  0.3342039
15143.9790669272  0.3342269
15145.6134245237  0.3342499
15147.2477821202  0.3342729
15148.8821397167  0.3342957
15150.5164973132  0.3343186
15152.1508549096  0.3343414
15153.7852125061  0.3343642
15155.4195701026  0.334387
15157.0539276991  0.3344097
15158.6882852956  0.3344324
15160.3226428921  0.3344551
15161.9570004885  0.3344778
15163.591358085  0.3345006
15165.2257156815  0.3345233
15166.860073278  0.334546
15168.4944308745  0.3345687
15170.128788471  0.3345916
15171.7631460674  0.3346143
15173.3975036639  0.3346372
15175.0318612604  0.3346601
15176.6662188569  0.3346831
15178.3005764534  0.334706
15179.9349340498  0.334729
15181.5692916463  0.3347522
15183.2036492428  0.3347754
15184.8380068393  0.3347987
15186.4723644358  0.334822
15188.1067220323  0.3348454
15189.7410796287  0.334869
15191.3754372252  0.3348926
15193.0097948217  0.3349164
15194.6441524182  0.3349402
15196.2785100147  0.3349642
15197.9128676112  0.3349883
15199.5472252076  0.3350125
15201.1815828041  0.3350368
15202.8159404006  0.3350613
15204.4502979971  0.335086
15206.0846555936  0.3351108
15207.71901319  0.3351357
15209.3533707865  0.3351609
15210.987728383  0.3351861
15212.6220859795  0.3352116
15214.256443576  0.3352372
15215.8908011725  0.335263
15217.5251587689  0.335289
15219.1595163654  0.3353152
15220.7938739619  0.3353416
15222.4282315584  0.3353682
15224.0625891549  0.3353951
15225.6969467514  0.3354221
15227.3313043478  0.3354494
15228.9656619443  0.3354769
15230.6000195408  0.3355047
15232.2343771373  0.3355326
15233.8687347338  0.3355609
15235.5030923303  0.3355893
15237.1374499267  0.3356181
15238.7718075232  0.3356471
15240.4061651197  0.3356764
15242.0405227162  0.3357059
15243.6748803127  0.3357358
15245.3092379091  0.3357659
15246.9435955056  0.3357963
15248.5779531021  0.3358271
15250.2123106986  0.3358581
15251.8466682951  0.3358894
15253.4810258916  0.3359211
15255.115383488  0.335953
15256.7497410845  0.3359854
15258.384098681  0.336018
15260.0184562775  0.336051
15261.652813874  0.3360843
15263.2871714705  0.336118
15264.9215290669  0.336152
15266.5558866634  0.3361864
15268.1902442599  0.3362212
15269.8246018564  0.3362563
15271.4589594529  0.3362918
15273.0933170494  0.3363277
15274.7276746458  0.336364
15276.3620322423  0.3364007
15277.9963898388  0.3364377
15279.6307474353  0.3364753
15281.2651050318  0.3365131
15282.8994626283  0.3365515
15284.5338202247  0.3365903
15286.1681778212  0.3366294
15287.8025354177  0.3366691
15289.4368930142  0.3367091
15291.0712506107  0.3367496
15292.7056082071  0.3367906
15294.3399658036  0.336832
15295.9743234001  0.3368739
15297.6086809966  0.3369162
15299.2430385931  0.3369591
15300.8773961896  0.3370024
15302.511753786  0.3370462
15304.1461113825  0.3370905
15305.780468979  0.3371353
15307.4148265755  0.3371806
15309.049184172  0.3372264
15310.6835417685  0.3372727
15312.3178993649  0.3373196
15313.9522569614  0.337367
15315.5866145579  0.3374149
15317.2209721544  0.3374633
15318.8553297509  0.3375123
15320.4896873474  0.3375618
15322.1240449438  0.3376119
15323.7584025403  0.3376625
15325.3927601368  0.3377137
15327.0271177333  0.3377654
15328.6614753298  0.3378177
15330.2958329263  0.3378705
15331.9301905227  0.3379239
15333.5645481192  0.3379778
15335.1989057157  0.3380323
15336.8332633122  0.3380874
15338.4676209087  0.3381431
15340.1019785051  0.3381992
15341.7363361016  0.338256
15343.3706936981  0.3383134
15345.0050512946  0.3383713
15346.6394088911  0.3384298
15348.2737664876  0.3384889
15349.908124084  0.3385486
15351.5424816805  0.3386088
15353.176839277  0.3386697
15354.8111968735  0.3387311
15356.44555447  0.3387931
15358.0799120665  0.3388557
15359.7142696629  0.338919
15361.3486272594  0.3389828
15362.9829848559  0.3390472
15364.6173424524  0.3391123
15366.2517000489  0.3391778
15367.8860576454  0.3392441
15369.5204152418  0.3393109
15371.1547728383  0.3393784
15372.7891304348  0.3394465
15374.4234880313  0.3395152
15376.0578456278  0.3395845
15377.6922032243  0.3396544
15379.3265608207  0.339725
15380.9609184172  0.3397962
15382.5952760137  0.339868
15384.2296336102  0.3399404
15385.8639912067  0.3400135
15387.4983488031  0.3400872
15389.1327063996  0.3401616
15390.7670639961  0.3402366
15392.4014215926  0.3403122
15394.0357791891  0.3403885
15395.6701367856  0.3404655
15397.304494382  0.340543
15398.9388519785  0.3406213
15400.573209575  0.3407001
15402.2075671715  0.3407798
15403.841924768  0.3408599
15405.4762823645  0.3409408
15407.1106399609  0.3410223
15408.7449975574  0.3411045
15410.3793551539  0.3411874
15412.0137127504  0.341271
15413.6480703469  0.3413552
15415.2824279434  0.34144
15416.9167855398  0.3415256
15418.5511431363  0.3416118
15420.1855007328  0.3416988
15421.8198583293  0.3417864
15423.4542159258  0.3418747
15425.0885735222  0.3419637
15426.7229311187  0.3420534
15428.3572887152  0.3421438
15429.9916463117  0.3422348
15431.6260039082  0.3423266
15433.2603615047  0.3424191
15434.8947191011  0.3425122
15436.5290766976  0.3426061
15438.1634342941  0.3427007
15439.7977918906  0.342796
15441.4321494871  0.342892
15443.0665070836  0.3429888
15444.70086468  0.3430862
15446.3352222765  0.3431843
15447.969579873  0.3432833
15449.6039374695  0.3433828
15451.238295066  0.3434832
15452.8726526625  0.3435842
15454.5070102589  0.343686
15456.1413678554  0.3437886
15457.7757254519  0.3438918
15459.4100830484  0.3439958
15461.0444406449  0.3441005
15462.6787982414  0.344206
15464.3131558378  0.3443123
15465.9475134343  0.3444192
15467.5818710308  0.344527
15469.2162286273  0.3446354
15470.8505862238  0.3447447
15472.4849438202  0.3448547
15474.1193014167  0.3449654
15475.7536590132  0.3450769
15477.3880166097  0.3451891
15479.0223742062  0.3453022
15480.6567318027  0.3454159
15482.2910893991  0.3455306
15483.9254469956  0.3456459
15485.5598045921  0.345762
15487.1941621886  0.345879
15488.8285197851  0.3459966
15490.4628773816  0.3461151
15492.097234978  0.3462343
15493.7315925745  0.3463543
15495.365950171  0.3464752
15497.0003077675  0.3465967
15498.634665364  0.3467191
15500.2690229605  0.3468423
15501.9033805569  0.3469663
15503.5377381534  0.3470912
15505.1720957499  0.3472167
15506.8064533464  0.3473431
15508.4408109429  0.3474703
15510.0751685393  0.3475983
15511.7095261358  0.3477272
15513.3438837323  0.3478568
15514.9782413288  0.3479873
15516.6125989253  0.3481185
15518.2469565218  0.3482507
15519.8813141182  0.3483836
15521.5156717147  0.3485174
15523.1500293112  0.3486519
15524.7843869077  0.3487873
15526.4187445042  0.3489236
15528.0531021007  0.3490606
15529.6874596971  0.3491985
15531.3218172936  0.3493373
15532.9561748901  0.3494769
15534.5905324866  0.3496174
15536.2248900831  0.3497586
15537.8592476796  0.3499007
15539.493605276  0.3500437
15541.1279628725  0.3501875
15542.762320469  0.3503322
15544.3966780655  0.3504776
15546.031035662  0.3506238
15547.6653932585  0.3507708
15549.2997508549  0.3509186
15550.9341084514  0.3510672
15552.5684660479  0.3512164
15554.2028236444  0.3513664
15555.8371812409  0.351517
15557.4715388373  0.3516684
15559.1058964338  0.3518204
15560.7402540303  0.3519731
15562.3746116268  0.3521265
15564.0089692233  0.3522805
15565.6433268198  0.3524352
15567.2776844162  0.3525904
15568.9120420127  0.3527462
15570.5463996092  0.3529026
15572.1807572057  0.3530595
15573.8151148022  0.3532171
15575.4494723987  0.353375
15577.0838299951  0.3535337
15578.7181875916  0.3536927
15580.3525451881  0.3538523
15581.9869027846  0.3540123
15583.6212603811  0.3541728
15585.2556179776  0.3543338
15586.889975574  0.3544951
15588.5243331705  0.3546569
15590.158690767  0.3548191
15591.7930483635  0.3549818
15593.42740596  0.3551448
15595.0617635564  0.3553081
15596.6961211529  0.3554718
15598.3304787494  0.3556358
15599.9648363459  0.3558002
15601.5991939424  0.3559649
15603.2335515389  0.3561298
15604.8679091353  0.3562951
15606.5022667318  0.3564605
15608.1366243283  0.3566263
15609.7709819248  0.3567922
15611.4053395213  0.3569584
15613.0396971178  0.3571249
15614.6740547142  0.3572915
15616.3084123107  0.3574583
15617.9427699072  0.3576251
15619.5771275037  0.3577923
15621.2114851002  0.3579596
15622.8458426967  0.3581268
15624.4802002931  0.3582943
15626.1145578896  0.3584618
15627.7489154861  0.3586295
15629.3832730826  0.3587971
15631.0176306791  0.3589649
15632.6519882756  0.3591327
15634.286345872  0.3593005
15635.9207034685  0.3594683
15637.555061065  0.359636
15639.1894186615  0.3598039
15640.823776258  0.3599717
15642.4581338544  0.3601393
15644.0924914509  0.3603069
15645.7268490474  0.3604744
15647.3612066439  0.3606419
15648.9955642404  0.3608092
15650.6299218369  0.3609765
15652.2642794333  0.3611436
15653.8986370298  0.3613105
15655.5329946263  0.3614773
15657.1673522228  0.3616439
15658.8017098193  0.3618103
15660.4360674158  0.3619765
15662.0704250122  0.3621425
15663.7047826087  0.3623082
15665.3391402052  0.3624737
15666.9734978017  0.362639
15668.6078553982  0.3628038
15670.2422129947  0.3629686
15671.8765705911  0.363133
15673.5109281876  0.3632969
15675.1452857841  0.3634606
15676.7796433806  0.3636239
15678.4140009771  0.363787
15680.0483585736  0.3639496
15681.68271617  0.3641117
15683.3170737665  0.3642736
15684.951431363  0.3644349
15686.5857889595  0.3645959
15688.220146556  0.3647563
15689.8545041525  0.3649164
15691.4888617489  0.3650761
15693.1232193454  0.3652351
15694.7575769419  0.3653936
15696.3919345384  0.3655517
15698.0262921349  0.3657092
15699.6606497313  0.3658662
15701.2950073278  0.3660225
15702.9293649243  0.3661784
15704.5637225208  0.3663335
15706.1980801173  0.3664882
15707.8324377138  0.3666421
15709.4667953102  0.3667955
15711.1011529067  0.3669482
15712.7355105032  0.3671003
15714.3698680997  0.3672516
15716.0042256962  0.3674023
15717.6385832927  0.3675523
15719.2729408891  0.3677015
15720.9072984856  0.36785
15722.5416560821  0.3679979
15724.1760136786  0.3681448
15725.8103712751  0.3682911
15727.4447288715  0.3684365
15729.079086468  0.3685811
15730.7134440645  0.3687249
15732.347801661  0.3688678
15733.9821592575  0.36901
15735.616516854  0.3691512
15737.2508744504  0.3692917
15738.8852320469  0.3694311
15740.5195896434  0.3695697
15742.1539472399  0.3697074
15743.7883048364  0.3698441
15745.4226624329  0.3699799
15747.0570200293  0.3701147
15748.6913776258  0.3702486
15750.3257352223  0.3703814
15751.9600928188  0.3705133
15753.5944504153  0.3706441
15755.2288080118  0.3707739
15756.8631656082  0.3709026
15758.4975232047  0.3710303
15760.1318808012  0.3711569
15761.7662383977  0.3712824
15763.4005959942  0.3714068
15765.0349535906  0.3715301
15766.6693111871  0.3716524
15768.3036687836  0.3717736
15769.9380263801  0.3718938
15771.5723839766  0.3720128
15773.2067415731  0.3721309
15774.8410991696  0.3722478
15776.475456766  0.3723638
15778.1098143625  0.3724787
15779.744171959  0.3725926
15781.3785295555  0.3727055
15783.012887152  0.3728173
15784.6472447484  0.3729283
15786.2816023449  0.3730381
15787.9159599414  0.3731471
15789.5503175379  0.373255
15791.1846751344  0.373362
15792.8190327309  0.373468
15794.4533903273  0.373573
15796.0877479238  0.3736772
15797.7221055203  0.3737803
15799.3564631168  0.3738826
15800.9908207133  0.3739839
15802.6251783098  0.3740843
15804.2595359062  0.3741838
15805.8938935027  0.3742824
15807.5282510992  0.3743801
15809.1626086957  0.3744769
15810.7969662922  0.3745727
15812.4313238886  0.3746678
15814.0656814851  0.374762
15815.7000390816  0.3748553
15817.3343966781  0.3749477
15818.9687542746  0.3750393
15820.6031118711  0.3751302
15822.2374694675  0.3752201
15823.871827064  0.3753092
15825.5061846605  0.3753975
15827.140542257  0.375485
15828.7748998535  0.3755716
15830.40925745  0.3756576
15832.0436150464  0.3757427
15833.6779726429  0.375827
15835.3123302394  0.3759105
15836.9466878359  0.3759933
15838.5810454324  0.3760754
15840.2154030289  0.3761566
15841.8497606253  0.3762372
15843.4841182218  0.3763169
15845.1184758183  0.376396
15846.7528334148  0.3764744
15848.3871910113  0.3765519
15850.0215486077  0.3766288
15851.6559062042  0.3767051
15853.2902638007  0.3767806
15854.9246213972  0.3768555
15856.5589789937  0.3769296
15858.1933365902  0.3770031
15859.8276941866  0.3770759
15861.4620517831  0.3771481
15863.0964093796  0.3772195
15864.7307669761  0.3772904
15866.3651245726  0.3773606
15867.9994821691  0.3774302
15869.6338397655  0.3774992
15871.268197362  0.3775676
15872.9025549585  0.3776353
15874.536912555  0.3777025
15876.1712701515  0.377769
15877.805627748  0.377835
15879.4399853444  0.3779004
15881.0743429409  0.3779652
15882.7087005374  0.3780295
15884.3430581339  0.3780932
15885.9774157304  0.3781563
15887.6117733269  0.3782189
15889.2461309233  0.378281
15890.8804885198  0.3783425
15892.5148461163  0.3784036
15894.1492037128  0.3784641
15895.7835613093  0.3785241
15897.4179189057  0.3785836
15899.0522765022  0.3786426
15900.6866340987  0.3787011
15902.3209916952  0.3787592
15903.9553492917  0.3788167
15905.5897068882  0.3788739
15907.2240644846  0.3789305
15908.8584220811  0.3789868
15910.4927796776  0.3790425
15912.1271372741  0.3790978
15913.7614948706  0.3791527
15915.3958524671  0.3792073
15917.0302100635  0.3792613
15918.66456766  0.379315
15920.2989252565  0.3793683
15921.933282853  0.3794211
15923.5676404495  0.3794737
15925.201998046  0.3795258
15926.8363556424  0.3795775
15928.4707132389  0.3796289
15930.1050708354  0.37968
15931.7394284319  0.3797306
15933.3737860284  0.379781
15935.0081436249  0.379831
15936.6425012213  0.3798807
15938.2768588178  0.3799301
15939.9112164143  0.3799791
15941.5455740108  0.3800279
15943.1799316073  0.3800763
15944.8142892037  0.3801246
15946.4486468002  0.3801724
15948.0830043967  0.38022
15949.7173619932  0.3802674
15951.3517195897  0.3803144
15952.9860771862  0.3803613
15954.6204347826  0.3804079
15956.2547923791  0.3804542
15957.8891499756  0.3805003
15959.5235075721  0.3805462
15961.1578651686  0.3805919
15962.7922227651  0.3806373
15964.4265803615  0.3806826
15966.060937958  0.3807276
15967.6952955545  0.3807725
15969.329653151  0.3808172
15970.9640107475  0.3808617
15972.598368344  0.3809061
15974.2327259404  0.3809502
15975.8670835369  0.3809943
15977.5014411334  0.3810381
15979.1357987299  0.3810819
15980.7701563264  0.3811255
15982.4045139229  0.381169
15984.0388715193  0.3812124
15985.6732291158  0.3812557
15987.3075867123  0.3812988
15988.9419443088  0.3813419
15990.5763019053  0.3813848
15992.2106595017  0.3814275
15993.8450170982  0.3814701
15995.4793746947  0.3815126
15997.1137322912  0.3815549
15998.7480898877  0.3815971
16000.3824474842  0.3816391
16002.0168050806  0.3816809
16003.6511626771  0.3817225
16005.2855202736  0.381764
16006.9198778701  0.3818053
16008.5542354666  0.3818464
16010.1885930631  0.3818872
16011.8229506595  0.381928
16013.457308256  0.3819684
16015.0916658525  0.3820086
16016.726023449  0.3820486
16018.3603810455  0.3820885
16019.994738642  0.382128
16021.6290962384  0.3821673
16023.2634538349  0.3822064
16024.8978114314  0.3822452
16026.5321690279  0.3822838
16028.1665266244  0.3823221
16029.8008842209  0.3823601
16031.4352418173  0.3823978
16033.0695994138  0.3824353
16034.7039570103  0.3824725
16036.3383146068  0.3825094
16037.9726722033  0.3825459
16039.6070297997  0.3825822
16041.2413873962  0.3826182
16042.8757449927  0.3826538
16044.5101025892  0.3826892
16046.1444601857  0.3827242
16047.7788177822  0.3827589
16049.4131753786  0.3827931
16051.0475329751  0.3828271
16052.6818905716  0.3828607
16054.3162481681  0.382894
16055.9506057646  0.3829268
16057.5849633611  0.3829594
16059.2193209575  0.3829915
16060.853678554  0.3830233
16062.4880361505  0.3830547
16064.122393747  0.3830856
16065.7567513435  0.3831162
16067.3911089399  0.3831464
16069.0254665364  0.3831762
16070.6598241329  0.3832055
16072.2941817294  0.3832345
16073.9285393259  0.3832629
16075.5628969224  0.383291
16077.1972545188  0.3833186
16078.8316121153  0.3833458
16080.4659697118  0.3833725
16082.1003273083  0.3833987
16083.7346849048  0.3834246
16085.3690425013  0.3834499
16087.0034000977  0.3834747
16088.6377576942  0.3834991
16090.2721152907  0.383523
16091.9064728872  0.3835464
16093.5408304837  0.3835692
16095.1751880802  0.3835916
16096.8095456766  0.3836135
16098.4439032731  0.3836349
16100.0782608696  0.3836557
16101.7126184661  0.3836759
16103.3469760626  0.3836957
16104.9813336591  0.3837149
16106.6156912555  0.3837336
16108.250048852  0.3837517
16109.8844064485  0.3837693
16111.518764045  0.3837863
16113.1531216415  0.3838027
16114.787479238  0.3838186
16116.4218368344  0.3838339
16118.0561944309  0.3838485
16119.6905520274  0.3838626
16121.3249096239  0.3838761
16122.9592672204  0.383889
16124.5936248168  0.3839013
16126.2279824133  0.3839129
16127.8623400098  0.3839239
16129.4966976063  0.3839343
16131.1310552028  0.3839441
16132.7654127993  0.3839532
16134.3997703957  0.3839617
16136.0341279922  0.3839695
16137.6684855887  0.3839767
16139.3028431852  0.3839832
16140.9372007817  0.383989
16142.5715583782  0.3839942
16144.2059159746  0.3839987
16145.8402735711  0.3840024
16147.4746311676  0.3840055
16149.1089887641  0.3840079
16150.7433463606  0.3840096
16152.377703957  0.3840106
16154.0120615535  0.3840109
16155.64641915  0.3840103
16157.2807767465  0.3840092
16158.915134343  0.3840072
16160.5494919395  0.3840046
16162.1838495359  0.3840011
16163.8182071324  0.383997
16165.4525647289  0.383992
16167.0869223254  0.3839864
16168.7212799219  0.3839799
16170.3556375184  0.3839726
16171.9899951148  0.3839646
16173.6243527113  0.3839558
16175.2587103078  0.3839462
16176.8930679043  0.3839358
16178.5274255008  0.3839246
16180.1617830973  0.3839126
16181.7961406937  0.3838997
16183.4304982902  0.3838861
16185.0648558867  0.3838716
16186.6992134832  0.3838563
16188.3335710797  0.3838401
16189.9679286762  0.3838231
16191.6022862726  0.3838052
16193.2366438691  0.3837865
16194.8710014656  0.3837669
16196.5053590621  0.3837464
16198.1397166586  0.3837251
16199.7740742551  0.3837029
16201.4084318515  0.3836798
16203.042789448  0.3836558
16204.6771470445  0.3836309
16206.311504641  0.3836051
16207.9458622375  0.3835784
16209.5802198339  0.3835508
16211.2145774304  0.3835223
16212.8489350269  0.3834928
16214.4832926234  0.3834625
16216.1176502199  0.3834314
16217.7520078164  0.3833994
16219.3863654128  0.3833665
16221.0207230093  0.3833328
16222.6550806058  0.3832981
16224.2894382023  0.3832627
16225.9237957988  0.3832264
16227.5581533953  0.3831894
16229.1925109917  0.3831515
16230.8268685882  0.3831128
16232.4612261847  0.3830733
16234.0955837812  0.383033
16235.7299413777  0.382992
16237.3642989742  0.3829501
16238.9986565706  0.3829075
16240.6330141671  0.3828641
16242.2673717636  0.38282
16243.9017293601  0.3827752
16245.5360869566  0.3827296
16247.1704445531  0.3826833
16248.8048021495  0.3826363
16250.439159746  0.3825886
16252.0735173425  0.3825401
16253.707874939  0.382491
16255.3422325355  0.3824412
16256.9765901319  0.3823907
16258.6109477284  0.3823395
16260.2453053249  0.3822877
16261.8796629214  0.3822352
16263.5140205179  0.3821822
16265.1483781144  0.3821283
16266.7827357108  0.3820739
16268.4170933073  0.3820189
16270.0514509038  0.3819633
16271.6858085003  0.381907
16273.3201660968  0.3818502
16274.9545236933  0.3817928
16276.5888812897  0.3817348
16278.2232388862  0.3816761
16279.8575964827  0.381617
16281.4919540792  0.3815573
16283.1263116757  0.381497
16284.7606692722  0.3814362
16286.3950268686  0.3813748
16288.0293844651  0.381313
16289.6637420616  0.3812506
16291.2980996581  0.3811876
16292.9324572546  0.3811242
16294.566814851  0.3810603
16296.2011724475  0.3809959
16297.835530044  0.380931
16299.4698876405  0.3808657
16301.104245237  0.3807999
16302.7386028335  0.3807336
16304.3729604299  0.3806669
16306.0073180264  0.3805997
16307.6416756229  0.3805321
16309.2760332194  0.380464
16310.9103908159  0.3803956
16312.5447484124  0.3803267
16314.1791060088  0.3802575
16315.8134636053  0.3801878
16317.4478212018  0.3801178
16319.0821787983  0.3800474
16320.7165363948  0.3799765
16322.3508939913  0.3799055
16323.9852515877  0.3798339
16325.6196091842  0.3797621
16327.2539667807  0.3796899
16328.8883243772  0.3796173
16330.5226819737  0.3795445
16332.1570395701  0.3794713
16333.7913971666  0.3793979
16335.4257547631  0.3793241
16337.0601123596  0.37925
16338.6944699561  0.3791757
16340.3288275526  0.379101
16341.963185149  0.3790262
16343.5975427455  0.378951
16345.231900342  0.3788756
16346.8662579385  0.3788
16348.500615535  0.3787241
16350.1349731315  0.378648
16351.7693307279  0.3785717
16353.4036883244  0.3784951
16355.0380459209  0.3784184
16356.6724035174  0.3783414
16358.3067611139  0.3782643
16359.9411187104  0.378187
16361.5754763068  0.3781095
16363.2098339033  0.3780318
16364.8441914998  0.3779541
16366.4785490963  0.3778761
16368.1129066928  0.3777979
16369.7472642893  0.3777197
16371.3816218857  0.3776414
16373.0159794822  0.3775629
16374.6503370787  0.3774843
16376.2846946752  0.3774056
16377.9190522717  0.3773268
16379.5534098681  0.3772479
16381.1877674646  0.377169
16382.8221250611  0.37709
16384.4564826576  0.3770109
16386.0908402541  0.3769317
16387.7251978506  0.3768526
16389.359555447  0.3767734
16390.9939130435  0.3766941
16392.62827064  0.3766148
16394.2626282365  0.3765356
16395.896985833  0.3764563
16397.5313434295  0.3763769
16399.1657010259  0.3762976
16400.8000586224  0.3762183
16402.4344162189  0.3761391
16404.0687738154  0.3760599
16405.7031314119  0.3759807
16407.3374890084  0.3759015
16408.9718466048  0.3758224
16410.6062042013  0.3757434
16412.2405617978  0.3756645
16413.8749193943  0.3755856
16415.5092769908  0.3755068
16417.1436345873  0.3754282
16418.7779921837  0.3753496
16420.4123497802  0.3752712
16422.0467073767  0.3751928
16423.6810649732  0.3751145
16425.3154225697  0.3750365
16426.9497801661  0.3749585
16428.5841377626  0.3748808
16430.2184953591  0.3748031
16431.8528529556  0.3747256
16433.4872105521  0.3746484
16435.1215681486  0.3745711
16436.755925745  0.3744941
16438.3902833415  0.3744172
16440.024640938  0.3743404
16441.6589985345  0.3742639
16443.293356131  0.3741874
16444.9277137275  0.3741109
16446.5620713239  0.3740346
16448.1964289204  0.3739585
16449.8307865169  0.3738824
16451.4651441134  0.3738064
16453.0995017099  0.3737305
16454.7338593064  0.3736546
16456.3682169028  0.3735788
16458.0025744993  0.3735032
16459.6369320958  0.3734276
16461.2712896923  0.373352
16462.9056472888  0.3732764
16464.5400048852  0.373201
16466.1743624817  0.3731255
16467.8087200782  0.37305
16469.4430776747  0.3729746
16471.0774352712  0.3728992
16472.7117928677  0.372824
16474.3461504641  0.3727486
16475.9805080606  0.3726732
16477.6148656571  0.3725978
16479.2492232536  0.3725224
16480.8835808501  0.372447
16482.5179384466  0.3723716
16484.152296043  0.3722962
16485.7866536395  0.3722206
16487.421011236  0.3721451
16489.0553688325  0.3720696
16490.689726429  0.3719939
16492.3240840255  0.3719182
16493.9584416219  0.3718424
16495.5927992184  0.3717666
16497.2271568149  0.3716907
16498.8615144114  0.3716147
16500.4958720079  0.3715386
16502.1302296044  0.3714624
16503.7645872008  0.3713862
16505.3989447973  0.3713098
16507.0333023938  0.3712333
16508.6676599903  0.3711566
16510.3020175868  0.3710798
16511.9363751832  0.371003
16513.5707327797  0.370926
16515.2050903762  0.3708488
16516.8394479727  0.3707714
16518.4738055692  0.370694
16520.1081631657  0.3706164
16521.7425207621  0.3705386
16523.3768783586  0.3704605
16525.0112359551  0.3703824
16526.6455935516  0.370304
16528.2799511481  0.3702255
16529.9143087446  0.3701468
16531.548666341  0.3700678
16533.1830239375  0.3699886
16534.817381534  0.3699093
16536.4517391305  0.3698298
16538.086096727  0.3697499
16539.7204543235  0.3696699
16541.3548119199  0.3695895
16542.9891695164  0.3695091
16544.6235271129  0.3694282
16546.2578847094  0.3693472
16547.8922423059  0.3692658
16549.5265999023  0.3691842
16551.1609574988  0.3691024
16552.7953150953  0.3690203
16554.4296726918  0.3689378
16556.0640302883  0.368855
16557.6983878848  0.368772
16559.3327454813  0.3686888
16560.9671030777  0.3686051
16562.6014606742  0.3685211
16564.2358182707  0.3684368
16565.8701758672  0.3683521
16567.5045334637  0.3682672
16569.1388910601  0.3681819
16570.7732486566  0.3680962
16572.4076062531  0.3680102
16574.0419638496  0.3679239
16575.6763214461  0.3678372
16577.3106790426  0.36775
16578.945036639  0.3676625
16580.5793942355  0.3675746
16582.213751832  0.3674864
16583.8481094285  0.3673978
16585.482467025  0.3673087
16587.1168246215  0.3672192
16588.7511822179  0.3671293
16590.3855398144  0.3670391
16592.0198974109  0.3669483
16593.6542550074  0.3668571
16595.2886126039  0.3667655
16596.9229702003  0.3666734
16598.5573277968  0.366581
16600.1916853933  0.366488
16601.8260429898  0.3663945
16603.4604005863  0.3663006
16605.0947581828  0.3662063
16606.7291157792  0.3661115
16608.3634733757  0.3660161
16609.9978309722  0.3659202
16611.6321885687  0.365824
16613.2665461652  0.3657272
16614.9009037617  0.3656298
16616.5352613581  0.365532
16618.1696189546  0.3654335
16619.8039765511  0.3653346
16621.4383341476  0.3652352
16623.0726917441  0.3651352
16624.7070493406  0.3650346
16626.341406937  0.3649335
16627.9757645335  0.3648319
16629.61012213  0.3647297
16631.2444797265  0.3646269
16632.878837323  0.3645235
16634.5131949194  0.3644196
16636.1475525159  0.364315
16637.7819101124  0.36421
16639.4162677089  0.3641042
16641.0506253054  0.3639978
16642.6849829019  0.3638909
16644.3193404983  0.3637833
16645.9536980948  0.3636752
16647.5880556913  0.3635663
16649.2224132878  0.3634568
16650.8567708843  0.3633467
16652.4911284808  0.363236
16654.1254860772  0.3631245
16655.7598436737  0.3630125
16657.3942012702  0.3628998
16659.0285588667  0.3627864
16660.6629164632  0.3626725
16662.2972740597  0.362558
16663.9316316561  0.3624427
16665.5659892526  0.3623269
16667.2003468491  0.3622106
16668.8347044456  0.3620937
16670.4690620421  0.3619762
16672.1034196386  0.3618581
16673.737777235  0.3617395
16675.3721348315  0.3616203
16677.006492428  0.3615007
16678.6408500245  0.3613805
16680.275207621  0.3612597
16681.9095652174  0.3611385
16683.5439228139  0.3610169
16685.1782804104  0.3608946
16686.8126380069  0.3607719
16688.4469956034  0.3606487
16690.0813531999  0.360525
16691.7157107963  0.3604011
16693.3500683928  0.3602765
16694.9844259893  0.3601515
16696.6187835858  0.3600262
16698.2531411823  0.3599004
16699.8874987788  0.3597743
16701.5218563752  0.3596477
16703.1562139717  0.3595207
16704.7905715682  0.3593933
16706.4249291647  0.3592655
16708.0592867612  0.3591375
16709.6936443577  0.3590091
16711.3280019541  0.3588803
16712.9623595506  0.3587511
16714.5967171471  0.3586217
16716.2310747436  0.358492
16717.8654323401  0.358362
16719.4997899365  0.3582315
16721.134147533  0.3581009
16722.7685051295  0.3579701
16724.402862726  0.3578389
16726.0372203225  0.3577074
16727.671577919  0.3575756
16729.3059355154  0.3574436
16730.9402931119  0.3573117
16732.5746507084  0.3571791
16734.2090083049  0.3570465
16735.8433659014  0.3569136
16737.4777234979  0.3567806
16739.1120810943  0.3566475
16740.7464386908  0.356514
16742.3807962873  0.3563804
16744.0151538838  0.3562467
16745.6495114803  0.3561127
16747.2838690768  0.3559788
16748.9182266732  0.3558446
16750.5525842697  0.3557103
16752.1869418662  0.3555758
16753.8212994627  0.3554412
16755.4556570592  0.3553067
16757.0900146557  0.355172
16758.7243722521  0.3550372
16760.3587298486  0.3549023
16761.9930874451  0.3547675
16763.6274450416  0.3546324
16765.2618026381  0.3544974
16766.8961602345  0.3543623
16768.530517831  0.3542272
16770.1648754275  0.3540922
16771.799233024  0.3539571
16773.4335906205  0.3538219
16775.067948217  0.3536868
16776.7023058134  0.3535517
16778.3366634099  0.3534167
16779.9710210064  0.3532816
16781.6053786029  0.3531466
16783.2397361994  0.3530117
16784.8740937959  0.3528768
16786.5084513923  0.3527421
16788.1428089888  0.3526073
16789.7771665853  0.3524727
16791.4115241818  0.3523381
16793.0458817783  0.3522039
16794.6802393748  0.3520695
16796.3145969712  0.3519353
16797.9489545677  0.3518012
16799.5833121642  0.3516673
16801.2176697607  0.3515337
16802.8520273572  0.3514001
16804.4863849536  0.3512667
16806.1207425501  0.3511334
16807.7551001466  0.3510003
16809.3894577431  0.3508677
16811.0238153396  0.3507349
16812.6581729361  0.3506025
16814.2925305325  0.3504703
16815.926888129  0.3503383
16817.5612457255  0.3502067
16819.195603322  0.3500752
16820.8299609185  0.3499441
16822.464318515  0.3498131
16824.0986761114  0.3496824
16825.7330337079  0.3495522
16827.3673913044  0.3494221
16829.0017489009  0.3492923
16830.6361064974  0.3491628
16832.2704640939  0.3490338
16833.9048216903  0.348905
16835.5391792868  0.3487765
16837.1735368833  0.3486484
16838.8078944798  0.3485207
16840.4422520763  0.3483935
16842.0766096728  0.3482664
16843.7109672692  0.3481399
16845.3453248657  0.3480136
16846.9796824622  0.3478878
16848.6140400587  0.3477626
16850.2483976552  0.3476376
16851.8827552516  0.3475131
16853.5171128481  0.347389
16855.1514704446  0.3472653
16856.7858280411  0.3471423
16858.4201856376  0.3470196
16860.0545432341  0.3468973
16861.6889008305  0.3467756
16863.323258427  0.3466543
16864.9576160235  0.3465337
16866.59197362  0.3464135
16868.2263312165  0.3462938
16869.860688813  0.3461746
16871.4950464094  0.3460561
16873.1294040059  0.345938
16874.7637616024  0.3458205
16876.3981191989  0.3457035
16878.0324767954  0.3455871
16879.6668343919  0.3454714
16881.3011919883  0.3453561
16882.9355495848  0.3452414
16884.5699071813  0.3451271
16886.2042647778  0.3450134
16887.8386223743  0.3449003
16889.4729799707  0.3447876
16891.1073375672  0.3446753
16892.7416951637  0.3445635
16894.3760527602  0.3444521
16896.0104103567  0.3443413
16897.6447679532  0.3442307
16899.2791255496  0.3441206
16900.9134831461  0.3440109
16902.5478407426  0.3439017
16904.1821983391  0.3437928
16905.8165559356  0.3436842
16907.4509135321  0.3435759
16909.0852711285  0.343468
16910.719628725  0.3433605
16912.3539863215  0.3432531
16913.988343918  0.3431461
16915.6227015145  0.3430394
16917.257059111  0.3429329
16918.8914167074  0.3428269
16920.5257743039  0.342721
16922.1601319004  0.3426152
16923.7944894969  0.3425097
16925.4288470934  0.3424044
16927.0632046899  0.3422994
16928.6975622863  0.3421945
16930.3319198828  0.3420898
16931.9662774793  0.3419851
16933.6006350758  0.3418807
16935.2349926723  0.3417765
16936.8693502687  0.3416724
16938.5037078652  0.3415683
16940.1380654617  0.3414642
16941.7724230582  0.3413604
16943.4067806547  0.3412566
16945.0411382512  0.3411528
16946.6754958476  0.3410492
16948.3098534441  0.3409454
16949.9442110406  0.3408419
16951.5785686371  0.3407382
16953.2129262336  0.3406345
16954.8472838301  0.3405308
16956.4816414265  0.3404271
16958.115999023  0.3403234
16959.7503566195  0.3402196
16961.384714216  0.3401157
16963.0190718125  0.3400117
16964.653429409  0.3399076
16966.2877870054  0.3398036
16967.9221446019  0.3396993
16969.5565021984  0.3395949
16971.1908597949  0.3394903
16972.8252173914  0.3393856
16974.4595749878  0.3392809
16976.0939325843  0.3391757
16977.7282901808  0.3390705
16979.3626477773  0.338965
16980.9970053738  0.3388595
16982.6313629703  0.3387536
16984.2657205667  0.3386474
16985.9000781632  0.338541
16987.5344357597  0.3384343
16989.1687933562  0.3383275
16990.8031509527  0.3382202
16992.4375085492  0.3381127
16994.0718661456  0.3380047
16995.7062237421  0.3378966
16997.3405813386  0.3377881
16998.9749389351  0.3376793
17000.6092965316  0.33757
17002.2436541281  0.3374603
17003.8780117245  0.3373502
17005.512369321  0.3372399
17007.1467269175  0.3371291
17008.781084514  0.3370178
17010.4154421105  0.336906
17012.049799707  0.336794
17013.6841573034  0.3366813
17015.3185148999  0.3365681
17016.9528724964  0.3364545
17018.5872300929  0.3363403
17020.2215876894  0.3362257
17021.8559452859  0.3361106
17023.4903028823  0.3359948
17025.1246604788  0.3358785
17026.7590180753  0.3357617
17028.3933756718  0.3356443
17030.0277332683  0.3355263
17031.6620908647  0.3354077
17033.2964484612  0.3352884
17034.9308060577  0.3351685
17036.5651636542  0.3350481
17038.1995212507  0.3349269
17039.8338788472  0.3348051
17041.4682364436  0.3346825
17043.1025940401  0.3345593
17044.7369516366  0.3344355
17046.3713092331  0.3343108
17048.0056668296  0.3341854
17049.6400244261  0.3340593
17051.2743820225  0.3339326
17052.908739619  0.3338049
17054.5430972155  0.3336764
17056.177454812  0.3335472
17057.8118124085  0.3334172
17059.446170005  0.3332865
17061.0805276014  0.3331547
17062.7148851979  0.3330222
17064.3492427944  0.3328888
17065.9836003909  0.3327546
17067.6179579874  0.3326196
17069.2523155838  0.3324836
17070.8866731803  0.3323466
17072.5210307768  0.3322088
17074.1553883733  0.33207
17075.7897459698  0.3319304
17077.4241035663  0.3317897
17079.0584611627  0.3316481
17080.6928187592  0.3315054
17082.3271763557  0.3313618
17083.9615339522  0.3312174
17085.5958915487  0.3310717
17087.2302491452  0.330925
17088.8646067416  0.3307773
17090.4989643381  0.3306286
17092.1333219346  0.3304788
17093.7676795311  0.3303279
17095.4020371276  0.3301758
17097.0363947241  0.3300227
17098.6707523205  0.3298686
17100.305109917  0.3297132
17101.9394675135  0.3295567
17103.57382511  0.3293991
17105.2081827065  0.3292404
17106.8425403029  0.3290807
17108.4768978994  0.3289199
17110.1112554959  0.3287579
17111.7456130924  0.3285949
17113.3799706889  0.3284308
17115.0143282854  0.3282659
17116.6486858818  0.3280997
17118.2830434783  0.3279325
17119.9174010748  0.3277644
17121.5517586713  0.3275952
17123.1861162678  0.3274253
17124.8204738643  0.3272542
17126.4548314607  0.3270821
17128.0891890572  0.3269091
17129.7235466537  0.3267353
17131.3579042502  0.3265604
17132.9922618467  0.3263846
17134.6266194432  0.3262078
17136.2609770396  0.3260302
17137.8953346361  0.3258519
17139.5296922326  0.3256725
17141.1640498291  0.3254922
17142.7984074256  0.3253111
17144.4327650221  0.3251291
17146.0671226185  0.3249465
17147.701480215  0.3247628
17149.3358378115  0.3245784
17150.970195408  0.3243932
17152.6045530045  0.3242071
17154.2389106009  0.3240205
17155.8732681974  0.323833
17157.5076257939  0.3236445
17159.1419833904  0.3234555
17160.7763409869  0.3232659
17162.4106985834  0.3230753
17164.0450561798  0.322884
17165.6794137763  0.322692
17167.3137713728  0.3224993
17168.9481289693  0.3223061
17170.5824865658  0.3221121
17172.2168441623  0.3219174
17173.8512017587  0.321722
17175.4855593552  0.321526
17177.1199169517  0.3213296
17178.7542745482  0.3211323
17180.3886321447  0.3209344
17182.0229897412  0.3207359
17183.6573473376  0.3205369
17185.2917049341  0.3203374
17186.9260625306  0.3201372
17188.5604201271  0.3199365
17190.1947777236  0.3197351
17191.8291353201  0.3195333
17193.4634929165  0.3193311
17195.097850513  0.3191282
17196.7322081095  0.3189249
17198.366565706  0.318721
17200.0009233025  0.3185168
17201.6352808989  0.318312
17203.2696384954  0.3181066
17204.9039960919  0.317901
17206.5383536884  0.3176947
17208.1727112849  0.3174883
17209.8070688814  0.3172813
17211.4414264778  0.3170739
17213.0757840743  0.316866
17214.7101416708  0.3166578
17216.3444992673  0.3164494
17217.9788568638  0.3162404
17219.6132144603  0.3160311
17221.2475720567  0.3158213
17222.8819296532  0.3156114
17224.5162872497  0.3154013
17226.1506448462  0.3151906
17227.7850024427  0.3149797
17229.4193600392  0.3147684
17231.0537176356  0.314557
17232.6880752321  0.3143454
17234.3224328286  0.3141334
17235.9567904251  0.3139211
17237.5911480216  0.3137085
17239.2255056181  0.3134961
17240.8598632145  0.3132831
17242.494220811  0.3130699
17244.1285784075  0.3128566
17245.762936004  0.312643
17247.3972936005  0.3124295
17249.0316511969  0.3122157
17250.6660087934  0.3120016
17252.3003663899  0.3117874
17253.9347239864  0.3115732
17255.5690815829  0.311359
17257.2034391794  0.3111444
17258.8377967758  0.3109298
17260.4721543723  0.3107151
17262.1065119688  0.3105003
17263.7408695653  0.3102857
17265.3752271618  0.3100708
17267.0095847583  0.3098558
17268.6439423547  0.3096408
17270.2782999512  0.309426
17271.9126575477  0.309211
17273.5470151442  0.308996
17275.1813727407  0.308781
17276.8157303372  0.308566
17278.4500879336  0.3083512
17280.0844455301  0.3081363
17281.7188031266  0.3079214
17283.3531607231  0.3077066
17284.9875183196  0.3074919
17286.621875916  0.3072775
17288.2562335125  0.3070629
17289.890591109  0.3068485
17291.5249487055  0.3066341
17293.159306302  0.3064199
17294.7936638985  0.306206
17296.4280214949  0.3059921
17298.0623790914  0.3057784
17299.6967366879  0.3055647
17301.3310942844  0.3053513
17302.9654518809  0.3051383
17304.5998094774  0.3049253
17306.2341670738  0.3047125
17307.8685246703  0.3044999
17309.5028822668  0.3042878
17311.1372398633  0.3040757
17312.7715974598  0.3038638
17314.4059550562  0.3036522
17316.0403126527  0.3034408
17317.6746702492  0.3032301
17319.3090278457  0.3030193
17320.9433854422  0.3028089
17322.5777430387  0.3025988
17324.2121006351  0.302389
17325.8464582316  0.3021798
17327.4808158281  0.3019707
17329.1151734246  0.3017619
17330.7495310211  0.3015535
17332.3838886176  0.3013454
17334.0182462141  0.301138
17335.6526038105  0.3009307
17337.286961407  0.3007237
17338.9213190035  0.3005172
17340.5556766  0.300311
17342.1900341965  0.3001055
17343.8243917929  0.2999002
17345.4587493894  0.2996953
17347.0931069859  0.2994907
17348.7274645824  0.2992869
17350.3618221789  0.2990832
17351.9961797754  0.29888
17353.6305373718  0.2986772
17355.2648949683  0.2984748
17356.8992525648  0.2982732
17358.5336101613  0.2980718
17360.1679677578  0.2978709
17361.8023253543  0.2976704
17363.4366829507  0.2974704
17365.0710405472  0.2972712
17366.7053981437  0.2970722
17368.3397557402  0.2968737
17369.9741133367  0.2966757
17371.6084709331  0.2964782
17373.2428285296  0.2962815
17374.8771861261  0.2960851
17376.5115437226  0.2958891
17378.1459013191  0.2956938
17379.7802589156  0.2954992
17381.414616512  0.295305
17383.0489741085  0.2951113
17384.683331705  0.2949182
17386.3176893015  0.2947256
17387.952046898  0.2945339
17389.5864044945  0.2943425
17391.2207620909  0.2941517
17392.8551196874  0.2939615
17394.4894772839  0.2937719
17396.1238348804  0.2935832
17397.7581924769  0.2933948
17399.3925500734  0.293207
17401.0269076698  0.29302
17402.6612652663  0.2928335
17404.2956228628  0.2926478
17405.9299804593  0.2924627
17407.5643380558  0.2922782
17409.1986956523  0.2920943
17410.8330532487  0.2919112
17412.4674108452  0.2917288
17414.1017684417  0.291547
17415.7361260382  0.2913659
17417.3704836347  0.2911854
17419.0048412312  0.2910059
17420.6391988276  0.2908269
17422.2735564241  0.2906486
17423.9079140206  0.290471
17425.5422716171  0.2902941
17427.1766292136  0.2901182
17428.81098681  0.2899428
17430.4453444065  0.2897682
17432.079702003  0.2895943
17433.7140595995  0.2894211
17435.348417196  0.289249
17436.9827747925  0.2890774
17438.6171323889  0.2889066
17440.2514899854  0.2887365
17441.8858475819  0.2885673
17443.5202051784  0.288399
17445.1545627749  0.2882314
17446.7889203714  0.2880646
17448.4232779678  0.2878986
17450.0576355643  0.2877334
17451.6919931608  0.2875693
17453.3263507573  0.2874058
17454.9607083538  0.2872431
17456.5950659502  0.2870813
17458.2294235467  0.2869205
17459.8637811432  0.2867604
17461.4981387397  0.2866012
17463.1324963362  0.2864429
17464.7668539327  0.2862854
17466.4012115291  0.286129
17468.0355691256  0.2859733
17469.6699267221  0.2858185
17471.3042843186  0.2856646
17472.9386419151  0.2855117
17474.5729995116  0.2853598
17476.207357108  0.2852087
17477.8417147045  0.2850585
17479.476072301  0.2849093
17481.1104298975  0.284761
17482.744787494  0.2846138
17484.3791450905  0.2844675
17486.0135026869  0.2843221
17487.6478602834  0.2841777
17489.2822178799  0.2840343
17490.9165754764  0.2838919
17492.5509330729  0.2837504
17494.1852906694  0.2836099
17495.8196482658  0.2834705
17497.4540058623  0.2833322
17499.0883634588  0.2831947
17500.7227210553  0.2830583
17502.3570786518  0.2829229
17503.9914362483  0.2827885
17505.6257938447  0.2826554
17507.2601514412  0.2825231
17508.8945090377  0.2823919
17510.5288666342  0.2822618
17512.1632242307  0.2821327
17513.7975818271  0.2820049
17515.4319394236  0.281878
17517.0662970201  0.2817521
17518.7006546166  0.2816274
17520.3350122131  0.2815038
17521.9693698096  0.2813814
17523.603727406  0.28126
17525.2380850025  0.2811397
17526.872442599  0.2810206
17528.5068001955  0.2809027
17530.141157792  0.2807858
17531.7755153885  0.28067
17533.4098729849  0.2805555
17535.0442305814  0.2804421
17536.6785881779  0.28033
17538.3129457744  0.2802189
17539.9473033709  0.280109
17541.5816609673  0.2800002
17543.2160185638  0.2798927
17544.8503761603  0.2797865
17546.4847337568  0.2796814
17548.1190913533  0.2795774
17549.7534489498  0.2794747
17551.3878065462  0.279373
17553.0221641427  0.2792726
17554.6565217392  0.2791731
17556.2908793357  0.2790747
17557.9252369322  0.2789774
17559.5595945287  0.2788811
17561.1939521251  0.2787859
17562.8283097216  0.2786915
17564.4626673181  0.278598
17566.0970249146  0.2785055
17567.7313825111  0.278414
17569.3657401076  0.2783232
17571.000097704  0.2782333
17572.6344553005  0.2781443
17574.268812897  0.278056
17575.9031704935  0.2779686
17577.53752809  0.2778818
17579.1718856865  0.2777958
17580.8062432829  0.2777104
17582.4406008794  0.2776258
17584.0749584759  0.2775419
17585.7093160724  0.2774585
17587.3436736689  0.2773758
17588.9780312653  0.2772936
17590.6123888618  0.277212
17592.2467464583  0.277131
17593.8811040548  0.2770504
17595.5154616513  0.2769703
17597.1498192478  0.2768907
17598.7841768442  0.2768116
17600.4185344407  0.2767329
17602.0528920372  0.2766545
17603.6872496337  0.2765765
17605.3216072302  0.2764988
17606.9559648267  0.2764215
17608.5903224231  0.2763445
17610.2246800196  0.2762677
17611.8590376161  0.2761911
17613.4933952126  0.2761148
17615.1277528091  0.2760388
17616.7621104056  0.2759628
17618.396468002  0.275887
17620.0308255985  0.2758113
17621.665183195  0.2757358
17623.2995407915  0.2756603
17624.933898388  0.2755849
17626.5682559844  0.2755095
17628.2026135809  0.2754341
17629.8369711774  0.2753586
17631.4713287739  0.2752832
17633.1056863704  0.2752078
17634.7400439669  0.2751321
17636.3744015633  0.2750564
17638.0087591598  0.2749806
17639.6431167563  0.2749045
17641.2774743528  0.2748283
17642.9118319493  0.2747519
17644.5461895458  0.2746753
17646.1805471422  0.2745984
17647.8149047387  0.2745212
17649.4492623352  0.2744437
17651.0836199317  0.2743658
17652.7179775282  0.2742876
17654.3523351247  0.2742091
17655.9866927211  0.2741302
17657.6210503176  0.2740507
17659.2554079141  0.2739709
17660.8897655106  0.2738906
17662.5241231071  0.2738098
17664.1584807035  0.2737285
17665.7928383  0.2736465
17667.4271958965  0.273564
17669.061553493  0.273481
17670.6959110895  0.2733974
17672.330268686  0.2733131
17673.9646262824  0.2732281
17675.5989838789  0.2731424
17677.2333414754  0.2730561
17678.8676990719  0.272969
17680.5020566684  0.2728811
17682.1364142649  0.2727924
17683.7707718613  0.2727029
17685.4051294578  0.2726126
17687.0394870543  0.2725215
17688.6738446508  0.2724294
17690.3082022473  0.2723364
17691.9425598438  0.2722425
17693.5769174402  0.2721477
17695.2112750367  0.2720519
17696.8456326332  0.271955
17698.4799902297  0.2718571
17700.1143478262  0.2717582
17701.7487054227  0.2716583
17703.3830630191  0.2715572
17705.0174206156  0.271455
17706.6517782121  0.2713516
17708.2861358086  0.2712471
17709.9204934051  0.2711414
17711.5548510016  0.2710345
17713.189208598  0.2709263
17714.8235661945  0.2708168
17716.457923791  0.2707062
17718.0922813875  0.2705941
17719.726638984  0.2704807
17721.3609965804  0.2703659
17722.9953541769  0.2702497
17724.6297117734  0.2701323
17726.2640693699  0.2700132
17727.8984269664  0.2698928
17729.5327845629  0.2697708
17731.1671421593  0.2696474
17732.8014997558  0.2695225
17734.4358573523  0.2693959
17736.0702149488  0.2692678
17737.7045725453  0.2691381
17739.3389301418  0.2690067
17740.9732877382  0.2688739
17742.6076453347  0.2687392
17744.2420029312  0.2686028
17745.8763605277  0.2684647
17747.5107181242  0.2683249
17749.1450757207  0.2681833
17750.7794333171  0.2680399
17752.4137909136  0.2678946
17754.0481485101  0.2677476
17755.6825061066  0.2675987
17757.3168637031  0.2674479
17758.9512212995  0.2672951
17760.585578896  0.2671404
17762.2199364925  0.2669837
17763.854294089  0.2668253
17765.4886516855  0.2666646
17767.123009282  0.2665019
17768.7573668784  0.2663371
17770.3917244749  0.2661703
17772.0260820714  0.2660017
17773.6604396679  0.2658311
17775.2947972644  0.2656586
17776.9291548609  0.2654843
17778.5635124573  0.2653084
17780.1978700538  0.2651311
17781.8322276503  0.264952
17783.4665852468  0.2647715
17785.1009428433  0.2645896
17786.7353004398  0.2644066
17788.3696580362  0.2642221
17790.0040156327  0.2640365
17791.6383732292  0.2638498
17793.2727308257  0.263662
17794.9070884222  0.2634735
17796.5414460186  0.263284
17798.1758036151  0.2630935
17799.8101612116  0.2629024
17801.4445188081  0.2627106
17803.0788764046  0.2625185
17804.7132340011  0.2623255
17806.3475915975  0.2621321
17807.981949194  0.2619384
17809.6163067905  0.2617444
17811.250664387  0.2615503
17812.8850219835  0.2613559
17814.51937958  0.2611613
17816.1537371764  0.2609668
17817.7880947729  0.2607723
17819.4224523694  0.2605782
17821.0568099659  0.2603841
17822.6911675624  0.2601902
17824.3255251589  0.2599967
17825.9598827553  0.2598038
17827.5942403518  0.2596112
17829.2285979483  0.2594192
17830.8629555448  0.2592278
17832.4973131413  0.259037
17834.1316707378  0.2588474
17835.7660283342  0.2586583
17837.4003859307  0.2584702
17839.0347435272  0.2582831
17840.6691011237  0.258097
17842.3034587202  0.2579123
17843.9378163166  0.2577286
17845.5721739131  0.2575462
17847.2065315096  0.2573651
17848.8408891061  0.2571855
17850.4752467026  0.2570076
17852.1096042991  0.256831
17853.7439618955  0.2566562
17855.378319492  0.256483
17857.0126770885  0.2563118
17858.647034685  0.2561423
17860.2813922815  0.2559747
17861.915749878  0.2558092
17863.5501074744  0.2556457
17865.1844650709  0.2554846
17866.8188226674  0.2553255
17868.4531802639  0.2551687
17870.0875378604  0.2550143
17871.7218954569  0.2548623
17873.3562530533  0.2547131
17874.9906106498  0.2545662
17876.6249682463  0.254422
17878.2593258428  0.2542805
17879.8936834393  0.2541419
17881.5280410357  0.2540062
17883.1623986322  0.2538734
17884.7967562287  0.2537436
17886.4311138252  0.2536169
17888.0654714217  0.2534934
17889.6998290182  0.2533732
17891.3341866147  0.2532562
17892.9685442111  0.2531426
17894.6029018076  0.2530325
17896.2372594041  0.252926
17897.8716170006  0.252823
17899.5059745971  0.2527237
17901.1403321935  0.2526281
17902.77468979  0.2525363
17904.4090473865  0.2524486
17906.043404983  0.2523647
17907.6777625795  0.2522848
17909.312120176  0.252209
17910.9464777724  0.2521374
17912.5808353689  0.2520702
17914.2151929654  0.2520072
17915.8495505619  0.2519486
17917.4839081584  0.2518944
17919.1182657549  0.2518449
17920.7526233513  0.2517999
17922.3869809478  0.2517596
17924.0213385443  0.2517241
17925.6556961408  0.2516934
17927.2900537373  0.2516676
17928.9244113337  0.2516468
17930.5587689302  0.2516311
17932.1931265267  0.2516204
17933.8274841232  0.251615
17935.4618417197  0.2516148
17937.0961993162  0.2516199
17938.7305569126  0.2516305
17940.3649145091  0.2516466
17941.9992721056  0.2516682
17943.6336297021  0.2516954
17945.2679872986  0.2517283
17946.9023448951  0.251767
17948.5367024915  0.2518116
17950.171060088  0.251862
17951.8054176845  0.2519184
17953.439775281  0.251981
17955.0741328775  0.2520496
17956.708490474  0.2521245
17958.3428480704  0.2522056
17959.9772056669  0.252293
17961.6115632634  0.2523869
17963.2459208599  0.2524873
17964.8802784564  0.2525943
17966.5146360529  0.2527078
17968.1489936493  0.2528281
17969.7833512458  0.2529552
17971.4177088423  0.2530892
17973.0520664388  0.2532301
17974.6864240353  0.2533779
17976.3207816318  0.2535328
17977.9551392282  0.2536949
17979.5894968247  0.2538643
17981.2238544212  0.2540409
17982.8582120177  0.2542247
17984.4925696142  0.2544162
17986.1269272106  0.2546151
17987.7612848071  0.2548216
17989.3956424036  0.2550358
17991.0300000001  0.2552575
