#       xK          yK
#
  2.496000   0.000313
  2.495500   0.000266
  2.495000   0.000381
  2.494500   0.000327
  2.494000   0.000494
  2.493500   0.000308
  2.493000   0.000387
  2.492500   0.000399
  2.492000   0.000420
  2.491500   0.000461
  2.491000   0.000423
  2.490500   0.000423
  2.490000   0.000450
  2.489500   0.000406
  2.489000   0.000405
  2.488500   0.000428
  2.488000   0.000552
  2.487500   0.000499
  2.487000   0.000580
  2.486500   0.000625
  2.486000   0.000544
  2.485500   0.000550
  2.485000   0.000620
  2.484500   0.000556
  2.484000   0.000646
  2.483500   0.000670
  2.483000   0.000779
  2.482500   0.000737
  2.482000   0.000735
  2.481500   0.000765
  2.481000   0.000763
  2.480500   0.000724
  2.480000   0.000797
  2.479500   0.000933
  2.479000   0.000978
  2.478500   0.000933
  2.478000   0.000902
  2.477500   0.000951
  2.477000   0.000965
  2.476500   0.001106
  2.476000   0.001006
  2.475500   0.001095
  2.475000   0.001124
  2.474500   0.001232
  2.474000   0.001272
  2.473500   0.001297
  2.473000   0.001208
  2.472500   0.001304
  2.472000   0.001430
  2.471500   0.001449
  2.471000   0.001489
  2.470500   0.001612
  2.470000   0.001636
  2.469500   0.001616
  2.469000   0.001726
  2.468500   0.001740
  2.468000   0.001652
  2.467500   0.001955
  2.467000   0.001993
  2.466500   0.002085
  2.466000   0.002066
  2.465500   0.002155
  2.465000   0.002352
  2.464500   0.002370
  2.464000   0.002385
  2.463500   0.002439
  2.463000   0.002503
  2.462500   0.002694
  2.462000   0.002892
  2.461500   0.003013
  2.461000   0.002850
  2.460500   0.003226
  2.460000   0.003287
  2.459500   0.003280
  2.459000   0.003429
  2.458500   0.003690
  2.458000   0.003624
  2.457500   0.003966
  2.457000   0.004086
  2.456500   0.004131
  2.456000   0.004270
  2.455500   0.004510
  2.455000   0.004633
  2.454500   0.005016
  2.454000   0.004975
  2.453500   0.005083
  2.453000   0.005353
  2.452500   0.005611
  2.452000   0.005766
  2.451500   0.006033
  2.451000   0.006244
  2.450500   0.006613
  2.450000   0.006792
  2.449500   0.007002
  2.449000   0.007350
  2.448500   0.007687
  2.448000   0.007952
  2.447500   0.008378
  2.447000   0.008623
  2.446500   0.008940
  2.446000   0.009317
  2.445500   0.009737
  2.445000   0.010311
  2.444500   0.010592
  2.444000   0.011005
  2.443500   0.011570
  2.443000   0.011895
  2.442500   0.012563
  2.442000   0.013137
  2.441500   0.013649
  2.441000   0.014106
  2.440500   0.014727
  2.440000   0.015570
  2.439500   0.016162
  2.439000   0.016815
  2.438500   0.017621
  2.438000   0.018414
  2.437500   0.019112
  2.437000   0.019926
  2.436500   0.020890
  2.436000   0.021851
  2.435500   0.023001
  2.435000   0.023861
  2.434500   0.024925
  2.434000   0.026128
  2.433500   0.027267
  2.433000   0.028784
  2.432500   0.030146
  2.432000   0.031604
  2.431500   0.033009
  2.431000   0.034682
  2.430500   0.036391
  2.430000   0.038123
  2.429500   0.040211
  2.429000   0.042087
  2.428500   0.044169
  2.428000   0.046179
  2.427500   0.048360
  2.427000   0.050730
  2.426500   0.053499
  2.426000   0.056467
  2.425500   0.059109
  2.425000   0.062160
  2.424500   0.065123
  2.424000   0.068477
  2.423500   0.072251
  2.423000   0.076027
  2.422500   0.080131
  2.422000   0.083793
  2.421500   0.088280
  2.421000   0.092889
  2.420500   0.097870
  2.420000   0.103500
  2.419500   0.108701
  2.419000   0.114452
  2.418500   0.120099
  2.418000   0.126379
  2.417500   0.133418
  2.417000   0.140834
  2.416500   0.148728
  2.416000   0.156071
  2.415500   0.163881
  2.415000   0.172293
  2.414500   0.181934
  2.414000   0.191596
  2.413500   0.202126
  2.413000   0.213042
  2.412500   0.222745
  2.412000   0.234267
  2.411500   0.246238
  2.411000   0.259745
  2.410500   0.273334
  2.410000   0.285728
  2.409500   0.299863
  2.409000   0.312800
  2.408500   0.328457
  2.408000   0.344184
  2.407500   0.360296
  2.407000   0.377771
  2.406500   0.392648
  2.406000   0.409226
  2.405500   0.426613
  2.405000   0.445611
  2.404500   0.465259
  2.404000   0.483794
  2.403500   0.502523
  2.403000   0.519033
  2.402500   0.538096
  2.402000   0.557578
  2.401500   0.577625
  2.401000   0.597069
  2.400500   0.614602
  2.400000   0.633861
  2.399500   0.649918
  2.399000   0.667723
  2.398500   0.687842
  2.398000   0.706251
  2.397500   0.723841
  2.397000   0.738601
  2.396500   0.754366
  2.396000   0.768526
  2.395500   0.784834
  2.395000   0.800132
  2.394500   0.812826
  2.394000   0.826078
  2.393500   0.836861
  2.393000   0.849766
  2.392500   0.860845
  2.392000   0.871774
  2.391500   0.882286
  2.391000   0.891117
  2.390500   0.899040
  2.390000   0.906784
  2.389500   0.914373
  2.389000   0.921205
  2.388500   0.927937
  2.388000   0.933395
  2.387500   0.937672
  2.387000   0.942697
  2.386500   0.947032
  2.386000   0.951169
  2.385500   0.954832
  2.385000   0.957597
  2.384500   0.960709
  2.384000   0.963349
  2.383500   0.964680
  2.383000   0.966387
  2.382500   0.968506
  2.382000   0.970061
  2.381500   0.971481
  2.381000   0.972350
  2.380500   0.972768
  2.380000   0.973599
  2.379500   0.974283
  2.379000   0.974659
  2.378500   0.975022
  2.378000   0.975114
  2.377500   0.974723
  2.377000   0.975256
  2.376500   0.975080
  2.376000   0.975077
  2.375500   0.974912
  2.375000   0.974577
  2.374500   0.974931
  2.374000   0.974680
  2.373500   0.974195
  2.373000   0.973767
  2.372500   0.973411
  2.372000   0.973195
  2.371500   0.973097
  2.371000   0.972512
  2.370500   0.971996
  2.370000   0.971759
  2.369500   0.971732
  2.369000   0.971548
  2.368500   0.971400
  2.368000   0.970580
  2.367500   0.970254
  2.367000   0.970500
  2.366500   0.969874
  2.366000   0.969517
  2.365500   0.969270
  2.365000   0.968721
  2.364500   0.968403
  2.364000   0.968001
  2.363500   0.968222
  2.363000   0.967683
  2.362500   0.967972
  2.362000   0.967332
  2.361500   0.967021
  2.361000   0.966841
  2.360500   0.966251
  2.360000   0.965818
  2.359500   0.965365
  2.359000   0.965511
  2.358500   0.965676
  2.358000   0.964966
  2.357500   0.964722
  2.357000   0.964687
  2.356500   0.963994
  2.356000   0.963944
  2.355500   0.963504
  2.355000   0.963038
  2.354500   0.962638
  2.354000   0.962243
  2.353500   0.961658
  2.353000   0.961683
  2.352500   0.961196
  2.352000   0.960926
  2.351500   0.959827
  2.351000   0.959500
  2.350500   0.959083
  2.350000   0.958462
  2.349500   0.957668
  2.349000   0.957106
  2.348500   0.956868
  2.348000   0.956143
  2.347500   0.954913
  2.347000   0.954650
  2.346500   0.954036
  2.346000   0.953574
  2.345500   0.952879
  2.345000   0.951940
  2.344500   0.951354
  2.344000   0.950263
  2.343500   0.949193
  2.343000   0.948745
  2.342500   0.948229
  2.342000   0.947155
  2.341500   0.946011
  2.341000   0.944562
  2.340500   0.943540
  2.340000   0.943380
  2.339500   0.941953
  2.339000   0.941168
  2.338500   0.940202
  2.338000   0.938994
  2.337500   0.937893
  2.337000   0.936776
  2.336500   0.935629
  2.336000   0.934777
  2.335500   0.933474
  2.335000   0.932782
  2.334500   0.931499
  2.334000   0.930418
  2.333500   0.929343
  2.333000   0.928096
  2.332500   0.927099
  2.332000   0.926100
  2.331500   0.924956
  2.331000   0.923781
  2.330500   0.922641
  2.330000   0.921895
  2.329500   0.920723
  2.329000   0.919365
  2.328500   0.918649
  2.328000   0.917643
  2.327500   0.916718
  2.327000   0.915773
  2.326500   0.914992
  2.326000   0.913640
  2.325500   0.912787
  2.325000   0.911849
  2.324500   0.911195
  2.324000   0.910790
  2.323500   0.909858
  2.323000   0.909083
  2.322500   0.908351
  2.322000   0.907824
  2.321500   0.906995
  2.321000   0.906224
  2.320500   0.905705
  2.320000   0.905086
  2.319500   0.904902
  2.319000   0.904344
  2.318500   0.904196
  2.318000   0.903545
  2.317500   0.903444
  2.317000   0.902477
  2.316500   0.902664
  2.316000   0.902361
  2.315500   0.902178
  2.315000   0.901616
  2.314500   0.901842
  2.314000   0.902130
  2.313500   0.902141
  2.313000   0.902285
  2.312500   0.901667
  2.312000   0.901994
  2.311500   0.902245
  2.311000   0.902626
  2.310500   0.902623
  2.310000   0.902915
  2.309500   0.902943
  2.309000   0.903399
  2.308500   0.904278
  2.308000   0.904645
  2.307500   0.905190
  2.307000   0.905157
  2.306500   0.905944
  2.306000   0.906475
  2.305500   0.906936
  2.305000   0.907447
  2.304500   0.908407
  2.304000   0.909088
  2.303500   0.909916
  2.303000   0.910695
  2.302500   0.911281
  2.302000   0.911982
  2.301500   0.912818
  2.301000   0.913642
  2.300500   0.914492
  2.300000   0.915301
  2.299500   0.915645
  2.299000   0.917132
  2.298500   0.918248
  2.298000   0.919336
  2.297500   0.920145
  2.297000   0.920879
  2.296500   0.922177
  2.296000   0.922898
  2.295500   0.924019
  2.295000   0.924930
  2.294500   0.925982
  2.294000   0.927013
  2.293500   0.927848
  2.293000   0.928936
  2.292500   0.929844
  2.292000   0.931051
  2.291500   0.931999
  2.291000   0.932935
  2.290500   0.933872
  2.290000   0.935447
  2.289500   0.935895
  2.289000   0.936654
  2.288500   0.938244
  2.288000   0.939230
  2.287500   0.940313
  2.287000   0.941044
  2.286500   0.941327
  2.286000   0.942514
  2.285500   0.943647
  2.285000   0.944948
  2.284500   0.945508
  2.284000   0.946396
  2.283500   0.947519
  2.283000   0.948451
  2.282500   0.949199
  2.282000   0.950141
  2.281500   0.950979
  2.281000   0.951637
  2.280500   0.952346
  2.280000   0.953562
  2.279500   0.954125
  2.279000   0.954843
  2.278500   0.955824
  2.278000   0.956656
  2.277500   0.957042
  2.277000   0.958163
  2.276500   0.958588
  2.276000   0.959100
  2.275500   0.960073
  2.275000   0.960816
  2.274500   0.961702
  2.274000   0.962123
  2.273500   0.962557
  2.273000   0.963253
  2.272500   0.963964
  2.272000   0.964672
  2.271500   0.965167
  2.271000   0.965609
  2.270500   0.965872
  2.270000   0.966792
  2.269500   0.967228
  2.269000   0.967661
  2.268500   0.968065
  2.268000   0.969044
  2.267500   0.969344
  2.267000   0.969579
  2.266500   0.969674
  2.266000   0.970235
  2.265500   0.970870
  2.265000   0.971333
  2.264500   0.971726
  2.264000   0.971838
  2.263500   0.972540
  2.263000   0.972663
  2.262500   0.972994
  2.262000   0.973215
  2.261500   0.973365
  2.261000   0.973865
  2.260500   0.973826
  2.260000   0.974025
  2.259500   0.974139
  2.259000   0.974629
  2.258500   0.974494
  2.258000   0.974573
  2.257500   0.974407
  2.257000   0.974853
  2.256500   0.974624
  2.256000   0.974519
  2.255500   0.974804
  2.255000   0.975026
  2.254500   0.974414
  2.254000   0.974587
  2.253500   0.974347
  2.253000   0.974435
  2.252500   0.974155
  2.252000   0.973952
  2.251500   0.973797
  2.251000   0.973831
  2.250500   0.973161
  2.250000   0.973226
  2.249500   0.973156
  2.249000   0.972815
  2.248500   0.972585
  2.248000   0.971815
  2.247500   0.971690
  2.247000   0.971501
  2.246500   0.970893
  2.246000   0.970563
  2.245500   0.969951
  2.245000   0.970199
  2.244500   0.968926
  2.244000   0.969769
  2.243500   0.968744
  2.243000   0.968346
  2.242500   0.967825
  2.242000   0.966815
  2.241500   0.967461
  2.241000   0.965892
  2.240500   0.965796
  2.240000   0.965556
  2.239500   0.964590
  2.239000   0.964554
  2.238500   0.963985
  2.238000   0.962934
  2.237500   0.962720
  2.237000   0.962346
  2.236500   0.961965
  2.236000   0.961366
  2.235500   0.960966
  2.235000   0.960388
  2.234500   0.959657
  2.234000   0.959193
  2.233500   0.959110
  2.233000   0.958529
  2.232500   0.958102
  2.232000   0.957258
  2.231500   0.957146
  2.231000   0.956908
  2.230500   0.956097
  2.230000   0.955798
  2.229500   0.955234
  2.229000   0.955491
  2.228500   0.954951
  2.228000   0.954361
  2.227500   0.953918
  2.227000   0.953626
  2.226500   0.953223
  2.226000   0.952773
  2.225500   0.952979
  2.225000   0.952735
  2.224500   0.952291
  2.224000   0.951666
  2.223500   0.951582
  2.223000   0.951598
  2.222500   0.951269
  2.222000   0.951236
  2.221500   0.951110
  2.221000   0.950422
  2.220500   0.950699
  2.220000   0.950172
  2.219500   0.949790
  2.219000   0.949697
  2.218500   0.949053
  2.218000   0.949221
  2.217500   0.949180
  2.217000   0.948838
  2.216500   0.948722
  2.216000   0.948572
  2.215500   0.948262
  2.215000   0.947679
  2.214500   0.947878
  2.214000   0.947426
  2.213500   0.947234
  2.213000   0.946780
  2.212500   0.946308
  2.212000   0.946334
  2.211500   0.946091
  2.211000   0.945620
  2.210500   0.945068
  2.210000   0.945081
  2.209500   0.944540
  2.209000   0.944086
  2.208500   0.943473
  2.208000   0.943072
  2.207500   0.942688
  2.207000   0.942211
  2.206500   0.941717
  2.206000   0.941206
  2.205500   0.940627
  2.205000   0.939998
  2.204500   0.939436
  2.204000   0.938664
  2.203500   0.938160
  2.203000   0.937404
  2.202500   0.936792
  2.202000   0.935881
  2.201500   0.935125
  2.201000   0.934863
  2.200500   0.934035
  2.200000   0.932892
  2.199500   0.931979
  2.199000   0.930946
  2.198500   0.930268
  2.198000   0.929750
  2.197500   0.928793
  2.197000   0.927318
  2.196500   0.926826
  2.196000   0.926073
  2.195500   0.925133
  2.195000   0.924191
  2.194500   0.923768
  2.194000   0.922478
  2.193500   0.922020
  2.193000   0.920692
  2.192500   0.919581
  2.192000   0.918575
  2.191500   0.918120
  2.191000   0.917213
  2.190500   0.915923
  2.190000   0.915562
  2.189500   0.914814
  2.189000   0.914030
  2.188500   0.912954
  2.188000   0.912489
  2.187500   0.911348
  2.187000   0.910720
  2.186500   0.910227
  2.186000   0.909486
  2.185500   0.908719
  2.185000   0.908559
  2.184500   0.907690
  2.184000   0.907098
  2.183500   0.906713
  2.183000   0.906173
  2.182500   0.906139
  2.182000   0.905947
  2.181500   0.905709
  2.181000   0.904873
  2.180500   0.904443
  2.180000   0.904513
  2.179500   0.904121
  2.179000   0.903871
  2.178500   0.903954
  2.178000   0.903944
  2.177500   0.904035
  2.177000   0.903969
  2.176500   0.904031
  2.176000   0.904113
  2.175500   0.904481
  2.175000   0.904544
  2.174500   0.905059
  2.174000   0.905056
  2.173500   0.905350
  2.173000   0.905992
  2.172500   0.906389
  2.172000   0.906612
  2.171500   0.907279
  2.171000   0.907802
  2.170500   0.908322
  2.170000   0.909088
  2.169500   0.909593
  2.169000   0.910011
  2.168500   0.910615
  2.168000   0.911202
  2.167500   0.912422
  2.167000   0.912983
  2.166500   0.913678
  2.166000   0.914193
  2.165500   0.915163
  2.165000   0.916096
  2.164500   0.916849
  2.164000   0.917787
  2.163500   0.918245
  2.163000   0.919324
  2.162500   0.920318
  2.162000   0.921313
  2.161500   0.922706
  2.161000   0.923017
  2.160500   0.923491
  2.160000   0.924328
  2.159500   0.925461
  2.159000   0.926179
  2.158500   0.927375
  2.158000   0.927895
  2.157500   0.928831
  2.157000   0.929660
  2.156500   0.930575
  2.156000   0.931317
  2.155500   0.932338
  2.155000   0.932866
  2.154500   0.933834
  2.154000   0.934667
  2.153500   0.935595
  2.153000   0.935978
  2.152500   0.937143
  2.152000   0.937586
  2.151500   0.938481
  2.151000   0.939257
  2.150500   0.939856
  2.150000   0.940292
  2.149500   0.940931
  2.149000   0.941914
  2.148500   0.942600
  2.148000   0.943378
  2.147500   0.943755
  2.147000   0.944336
  2.146500   0.945308
  2.146000   0.946172
  2.145500   0.946268
  2.145000   0.947106
  2.144500   0.947501
  2.144000   0.947590
  2.143500   0.948740
  2.143000   0.949543
  2.142500   0.950363
  2.142000   0.950728
  2.141500   0.950931
  2.141000   0.951725
  2.140500   0.952151
  2.140000   0.952886
  2.139500   0.953532
  2.139000   0.953841
  2.138500   0.954361
  2.138000   0.954990
  2.137500   0.955502
  2.137000   0.956197
  2.136500   0.956719
  2.136000   0.957397
  2.135500   0.957895
  2.135000   0.958561
  2.134500   0.958885
  2.134000   0.959540
  2.133500   0.960266
  2.133000   0.960992
  2.132500   0.960723
  2.132000   0.961716
  2.131500   0.962159
  2.131000   0.962729
  2.130500   0.963035
  2.130000   0.963380
  2.129500   0.964233
  2.129000   0.964466
  2.128500   0.964836
  2.128000   0.965271
  2.127500   0.965432
  2.127000   0.966047
  2.126500   0.966506
  2.126000   0.967098
  2.125500   0.967360
  2.125000   0.967355
  2.124500   0.967755
  2.124000   0.968165
  2.123500   0.968387
  2.123000   0.968266
  2.122500   0.968674
  2.122000   0.968786
  2.121500   0.969130
  2.121000   0.968926
  2.120500   0.968909
  2.120000   0.969371
  2.119500   0.969648
  2.119000   0.969352
  2.118500   0.969360
  2.118000   0.969358
  2.117500   0.969312
  2.117000   0.969414
  2.116500   0.969287
  2.116000   0.969174
  2.115500   0.968548
  2.115000   0.968748
  2.114500   0.968963
  2.114000   0.968459
  2.113500   0.968237
  2.113000   0.968481
  2.112500   0.967955
  2.112000   0.967644
  2.111500   0.967088
  2.111000   0.967086
  2.110500   0.966608
  2.110000   0.966316
  2.109500   0.966244
  2.109000   0.966314
  2.108500   0.965808
  2.108000   0.965540
  2.107500   0.965179
  2.107000   0.964571
  2.106500   0.964508
  2.106000   0.964544
  2.105500   0.963862
  2.105000   0.963471
  2.104500   0.963162
  2.104000   0.963066
  2.103500   0.962993
  2.103000   0.962945
  2.102500   0.962123
  2.102000   0.961873
  2.101500   0.961766
  2.101000   0.961473
  2.100500   0.961313
  2.100000   0.961255
  2.099500   0.960695
  2.099000   0.961038
  2.098500   0.960413
  2.098000   0.960465
  2.097500   0.960344
  2.097000   0.960149
  2.096500   0.960070
  2.096000   0.959874
  2.095500   0.959559
  2.095000   0.959709
  2.094500   0.959499
  2.094000   0.959276
  2.093500   0.959347
  2.093000   0.959113
  2.092500   0.958971
  2.092000   0.958965
  2.091500   0.958884
  2.091000   0.958383
  2.090500   0.958624
  2.090000   0.958287
  2.089500   0.957894
  2.089000   0.957649
  2.088500   0.957687
  2.088000   0.957746
  2.087500   0.957712
  2.087000   0.956855
  2.086500   0.956581
  2.086000   0.956382
  2.085500   0.956453
  2.085000   0.955938
  2.084500   0.955504
  2.084000   0.954740
  2.083500   0.954627
  2.083000   0.954450
  2.082500   0.954000
  2.082000   0.953334
  2.081500   0.952905
  2.081000   0.952336
  2.080500   0.951698
  2.080000   0.951561
  2.079500   0.950888
  2.079000   0.950131
  2.078500   0.949539
  2.078000   0.948622
  2.077500   0.948255
  2.077000   0.947807
  2.076500   0.946717
  2.076000   0.945698
  2.075500   0.945376
  2.075000   0.944856
  2.074500   0.943838
  2.074000   0.943235
  2.073500   0.942374
  2.073000   0.941394
  2.072500   0.940840
  2.072000   0.940144
  2.071500   0.939104
  2.071000   0.938465
  2.070500   0.937760
  2.070000   0.937021
  2.069500   0.936431
  2.069000   0.935751
  2.068500   0.934895
  2.068000   0.934154
  2.067500   0.933198
  2.067000   0.932493
  2.066500   0.932158
  2.066000   0.931282
  2.065500   0.930723
  2.065000   0.930209
  2.064500   0.929626
  2.064000   0.928844
  2.063500   0.928577
  2.063000   0.928024
  2.062500   0.927310
  2.062000   0.927038
  2.061500   0.926713
  2.061000   0.926222
  2.060500   0.925637
  2.060000   0.925377
  2.059500   0.925162
  2.059000   0.924884
  2.058500   0.924671
  2.058000   0.924179
  2.057500   0.923894
  2.057000   0.923963
  2.056500   0.923698
  2.056000   0.923513
  2.055500   0.923275
  2.055000   0.923184
  2.054500   0.923305
  2.054000   0.923028
  2.053500   0.923151
  2.053000   0.923099
  2.052500   0.923066
  2.052000   0.922620
  2.051500   0.922847
  2.051000   0.922617
  2.050500   0.922431
  2.050000   0.922327
  2.049500   0.922319
  2.049000   0.922594
  2.048500   0.922564
  2.048000   0.922545
  2.047500   0.922293
  2.047000   0.922326
  2.046500   0.922227
  2.046000   0.922237
  2.045500   0.921770
  2.045000   0.922189
  2.044500   0.921938
  2.044000   0.921979
  2.043500   0.921623
  2.043000   0.921425
  2.042500   0.921419
  2.042000   0.921246
  2.041500   0.921321
  2.041000   0.921142
  2.040500   0.920894
  2.040000   0.920796
  2.039500   0.920670
  2.039000   0.920329
  2.038500   0.920472
  2.038000   0.920139
  2.037500   0.919700
  2.037000   0.919502
  2.036500   0.919503
  2.036000   0.919586
  2.035500   0.919104
  2.035000   0.918828
  2.034500   0.918326
  2.034000   0.917861
  2.033500   0.918264
  2.033000   0.918314
  2.032500   0.917321
  2.032000   0.917123
  2.031500   0.917084
  2.031000   0.916983
  2.030500   0.917247
  2.030000   0.916971
  2.029500   0.916754
  2.029000   0.916325
  2.028500   0.916333
  2.028000   0.916287
  2.027500   0.915949
  2.027000   0.915987
  2.026500   0.915672
  2.026000   0.915709
  2.025500   0.915491
  2.025000   0.915503
  2.024500   0.915454
  2.024000   0.915375
  2.023500   0.915059
  2.023000   0.914768
  2.022500   0.915040
  2.022000   0.914771
  2.021500   0.914796
  2.021000   0.914477
  2.020500   0.914255
  2.020000   0.914225
  2.019500   0.914072
  2.019000   0.913819
  2.018500   0.913827
  2.018000   0.913439
  2.017500   0.913350
  2.017000   0.912953
  2.016500   0.912789
  2.016000   0.912546
  2.015500   0.912448
  2.015000   0.912063
  2.014500   0.911777
  2.014000   0.911492
  2.013500   0.910835
  2.013000   0.910803
  2.012500   0.910255
  2.012000   0.910171
  2.011500   0.909564
  2.011000   0.909168
  2.010500   0.908660
  2.010000   0.908073
  2.009500   0.907853
  2.009000   0.907405
  2.008500   0.906884
  2.008000   0.906268
  2.007500   0.905953
  2.007000   0.905359
  2.006500   0.904933
  2.006000   0.904506
  2.005500   0.903814
  2.005000   0.903558
  2.004500   0.902948
  2.004000   0.902639
  2.003500   0.902206
  2.003000   0.901864
  2.002500   0.901618
  2.002000   0.901486
  2.001500   0.901046
  2.001000   0.900938
  2.000500   0.900653
  2.000000   0.900743
  1.999500   0.900567
  1.999000   0.900253
  1.998500   0.900524
  1.998000   0.900310
  1.997500   0.900421
  1.997000   0.900657
  1.996500   0.900683
  1.996000   0.900978
  1.995500   0.901076
  1.995000   0.901340
  1.994500   0.901774
  1.994000   0.902028
  1.993500   0.902600
  1.993000   0.902949
  1.992500   0.903422
  1.992000   0.903807
  1.991500   0.904226
  1.991000   0.905081
  1.990500   0.905675
  1.990000   0.906101
  1.989500   0.906589
  1.989000   0.907554
  1.988500   0.908157
  1.988000   0.908987
  1.987500   0.909769
  1.987000   0.910034
  1.986500   0.910879
  1.986000   0.911516
  1.985500   0.912388
  1.985000   0.912953
  1.984500   0.913254
  1.984000   0.913773
  1.983500   0.914462
  1.983000   0.915091
  1.982500   0.915636
  1.982000   0.915920
  1.981500   0.915982
  1.981000   0.916482
  1.980500   0.917111
  1.980000   0.917121
  1.979500   0.917350
  1.979000   0.917804
  1.978500   0.918031
  1.978000   0.917918
  1.977500   0.918022
  1.977000   0.917955
  1.976500   0.918058
  1.976000   0.917755
  1.975500   0.917866
  1.975000   0.917727
  1.974500   0.917397
  1.974000   0.917151
  1.973500   0.917336
  1.973000   0.917285
  1.972500   0.917279
  1.972000   0.916242
  1.971500   0.915778
  1.971000   0.915935
  1.970500   0.915910
  1.970000   0.915654
  1.969500   0.915097
  1.969000   0.914703
  1.968500   0.914731
  1.968000   0.914467
  1.967500   0.914927
  1.967000   0.914033
  1.966500   0.913937
  1.966000   0.913271
  1.965500   0.913406
  1.965000   0.913502
  1.964500   0.913329
  1.964000   0.913201
  1.963500   0.913094
  1.963000   0.913105
  1.962500   0.912958
  1.962000   0.912956
  1.961500   0.912666
  1.961000   0.912244
  1.960500   0.912331
  1.960000   0.912165
  1.959500   0.912027
  1.959000   0.911822
  1.958500   0.911913
  1.958000   0.911301
  1.957500   0.911353
  1.957000   0.910627
  1.956500   0.909963
  1.956000   0.909913
  1.955500   0.909082
  1.955000   0.908479
  1.954500   0.907958
  1.954000   0.907057
  1.953500   0.906177
  1.953000   0.905268
  1.952500   0.904725
  1.952000   0.903570
  1.951500   0.902493
  1.951000   0.901450
  1.950500   0.900532
  1.950000   0.899648
  1.949500   0.898307
  1.949000   0.896895
  1.948500   0.895849
  1.948000   0.894817
  1.947500   0.893940
  1.947000   0.892350
  1.946500   0.891456
  1.946000   0.890389
  1.945500   0.889648
  1.945000   0.888635
  1.944500   0.887822
  1.944000   0.887090
  1.943500   0.886145
  1.943000   0.885687
  1.942500   0.884962
  1.942000   0.884813
  1.941500   0.884978
  1.941000   0.884266
  1.940500   0.883655
  1.940000   0.883500
  1.939500   0.883343
  1.939000   0.883235
  1.938500   0.882961
  1.938000   0.882845
  1.937500   0.881737
  1.937000   0.881159
  1.936500   0.880907
  1.936000   0.879459
  1.935500   0.878042
  1.935000   0.875691
  1.934500   0.873118
  1.934000   0.869862
  1.933500   0.866494
  1.933000   0.862355
  1.932500   0.856807
  1.932000   0.850371
  1.931500   0.842889
  1.931000   0.835760
  1.930500   0.826406
  1.930000   0.816929
  1.929500   0.806018
  1.929000   0.793054
  1.928500   0.779460
  1.928000   0.764184
  1.927500   0.750078
  1.927000   0.733731
  1.926500   0.716713
  1.926000   0.697209
  1.925500   0.675969
  1.925000   0.656290
  1.924500   0.635175
  1.924000   0.615973
  1.923500   0.594700
  1.923000   0.572664
  1.922500   0.550526
  1.922000   0.526127
  1.921500   0.505316
  1.921000   0.487036
  1.920500   0.467505
  1.920000   0.448280
  1.919500   0.430429
  1.919000   0.410156
  1.918500   0.391097
  1.918000   0.375408
  1.917500   0.357474
  1.917000   0.339908
  1.916500   0.321377
  1.916000   0.304914
  1.915500   0.289182
  1.915000   0.274820
  1.914500   0.262715
  1.914000   0.249820
  1.913500   0.238347
  1.913000   0.227468
  1.912500   0.217540
  1.912000   0.209280
  1.911500   0.200866
  1.911000   0.192232
  1.910500   0.183535
  1.910000   0.174794
  1.909500   0.165679
  1.909000   0.157039
  1.908500   0.150535
  1.908000   0.143170
  1.907500   0.136615
  1.907000   0.130208
  1.906500   0.123985
  1.906000   0.118968
  1.905500   0.114572
  1.905000   0.110444
  1.904500   0.106106
  1.904000   0.101520
  1.903500   0.096837
  1.903000   0.092384
  1.902500   0.088509
  1.902000   0.084513
  1.901500   0.080262
  1.901000   0.075993
  1.900500   0.071701
  1.900000   0.068157
  1.899500   0.064875
  1.899000   0.061746
  1.898500   0.058887
  1.898000   0.056040
  1.897500   0.053182
  1.897000   0.050537
  1.896500   0.047756
  1.896000   0.045189
  1.895500   0.042641
  1.895000   0.039998
  1.894500   0.037404
  1.894000   0.035296
  1.893500   0.032784
  1.893000   0.031131
  1.892500   0.029431
  1.892000   0.027789
  1.891500   0.026267
  1.891000   0.024817
  1.890500   0.023421
  1.890000   0.022065
  1.889500   0.020929
  1.889000   0.019692
  1.888500   0.018457
  1.888000   0.017326
  1.887500   0.016032
  1.887000   0.014951
  1.886500   0.013973
  1.886000   0.013222
  1.885500   0.012326
  1.885000   0.011574
  1.884500   0.010892
  1.884000   0.010234
  1.883500   0.009539
  1.883000   0.009139
  1.882500   0.008581
  1.882000   0.008052
  1.881500   0.007618
  1.881000   0.007186
  1.880500   0.006669
  1.880000   0.006443
  1.879500   0.006193
  1.879000   0.005529
  1.878500   0.005316
  1.878000   0.004916
  1.877500   0.004590
  1.877000   0.004491
  1.876500   0.004294
  1.876000   0.004065
  1.875500   0.003746
  1.875000   0.003575
  1.874500   0.003513
  1.874000   0.003350
  1.873500   0.003141
  1.873000   0.003080
  1.872500   0.002852
  1.872000   0.002774
  1.871500   0.002567
  1.871000   0.002351
  1.870500   0.002372
  1.870000   0.002369
  1.869500   0.002132
  1.869000   0.002108
  1.868500   0.002035
  1.868000   0.001810
  1.867500   0.001684
  1.867000   0.001677
  1.866500   0.001697
  1.866000   0.001474
  1.865500   0.001494
  1.865000   0.001354
  1.864500   0.001478
  1.864000   0.001223
  1.863500   0.001244
  1.863000   0.001276
  1.862500   0.001108
  1.862000   0.001029
  1.861500   0.001076
  1.861000   0.000976
  1.860500   0.000985
  1.860000   0.000882
  1.859500   0.000940
  1.859000   0.000904
  1.858500   0.000826
  1.858000   0.000910
  1.857500   0.000786
  1.857000   0.000699
  1.856500   0.000766
  1.856000   0.000693
  1.855500   0.000708
  1.855000   0.000751
  1.854500   0.000664
  1.854000   0.000488
  1.853500   0.000617
  1.853000   0.000593
  1.852500   0.000620
  1.852000   0.000547
  1.851500   0.000524
  1.851000   0.000555
  1.850500   0.000502
  1.850000   0.000547
  1.849500   0.000320
  1.849000   0.000473
  1.848500   0.000482
  1.848000   0.000459
  1.847500   0.000428
  1.847000   0.000395
  1.846500   0.000455
  1.846000   0.000094
