9600.  0.00177252
9601.08230719378  0.001879133
9602.16461438756  0.001994106
9603.24692158134  0.002117586
9604.32922877511  0.002249915
9605.41153596889  0.002391212
9606.49384316267  0.002541667
9607.57615035645  0.002701434
9608.65845755023  0.002870637
9609.74076474401  0.003049684
9610.82307193778  0.003238669
9611.90537913156  0.003437719
9612.98768632534  0.003646952
9614.06999351912  0.00386683
9615.1523007129  0.00409739
9616.23460790668  0.004338682
9617.31691510046  0.004590617
9618.39922229424  0.004853037
9619.48152948801  0.005126226
9620.56383668179  0.005409962
9621.64614387557  0.005704217
9622.72845106935  0.006008848
9623.81075826313  0.006323683
9624.89306545691  0.006649087
9625.97537265068  0.006984813
9627.05767984446  0.007330721
9628.13998703824  0.007686613
9629.22229423202  0.008052912
9630.3046014258  0.008429322
9631.38690861957  0.0088158
9632.46921581335  0.009212194
9633.55152300713  0.009618327
9634.63383020091  0.01003464
9635.71613739469  0.01046084
9636.79844458847  0.01089676
9637.88075178224  0.01134218
9638.96305897602  0.01179764
9640.0453661698  0.01226275
9641.12767336358  0.01273751
9642.20998055736  0.01322174
9643.29228775114  0.01371519
9644.37459494492  0.01421844
9645.45690213869  0.01473118
9646.53920933247  0.01525318
9647.62151652625  0.01578417
9648.70382372003  0.01632481
9649.78613091381  0.0168747
9650.86843810759  0.01743378
9651.95074530137  0.01800186
9653.03305249514  0.01857871
9654.11535968892  0.01916497
9655.1976668827  0.01976026
9656.27997407648  0.02036436
9657.36228127026  0.02097698
9658.44458846404  0.02159888
9659.52689565781  0.02222956
9660.60920285159  0.02286901
9661.69151004537  0.02351701
9662.77381723915  0.02417329
9663.85612443293  0.02483858
9664.9384316267  0.02551248
9666.02073882048  0.02619488
9667.10304601426  0.02688556
9668.18535320804  0.02758425
9669.26766040182  0.02829176
9670.3499675956  0.02900764
9671.43227478937  0.0297316
9672.51458198315  0.03046334
9673.59688917693  0.03120374
9674.67919637071  0.03195229
9675.76150356449  0.03270888
9676.84381075827  0.03347336
9677.92611795204  0.03424535
9679.00842514582  0.03502573
9680.0907323396  0.03581407
9681.17303953338  0.03661005
9682.25534672716  0.03741333
9683.33765392094  0.03822485
9684.41996111472  0.03904408
9685.5022683085  0.03987095
9686.58457550227  0.04070524
9687.66688269605  0.04154653
9688.74918988983  0.04239589
9689.83149708361  0.04325274
9690.91380427739  0.04411677
9691.99611147116  0.04498762
9693.07841866494  0.04586633
9694.16072585872  0.04675233
9695.2430330525  0.04764549
9696.32534024628  0.04854563
9697.40764744006  0.0494523
9698.48995463384  0.05036666
9699.57226182761  0.05128802
9700.65456902139  0.05221632
9701.73687621517  0.05315137
9702.81918340895  0.05409265
9703.90149060273  0.05504135
9704.98379779651  0.05599671
9706.06610499029  0.0569582
9707.14841218406  0.0579251
9708.23071937784  0.05889842
9709.31302657162  0.05987726
9710.3953337654  0.06086126
9711.47764095918  0.06184999
9712.55994815295  0.06284273
9713.64225534673  0.06384049
9714.72456254051  0.06484237
9715.80686973429  0.06584782
9716.88917692807  0.06685615
9717.97148412185  0.0678684
9719.05379131563  0.06888358
9720.1360985094  0.06990147
9721.21840570318  0.07092154
9722.30071289696  0.07194304
9723.38302009074  0.07296705
9724.46532728452  0.07399266
9725.54763447829  0.07501933
9726.62994167207  0.0760463
9727.71224886585  0.07707467
9728.79455605963  0.07810348
9729.87686325341  0.07913245
9730.95917044719  0.08016104
9732.04147764097  0.08118854
9733.12378483475  0.08221602
9734.20609202852  0.08324257
9735.2883992223  0.08426765
9736.37070641608  0.08529053
9737.45301360986  0.08631226
9738.53532080364  0.08733188
9739.61762799742  0.0883491
9740.69993519119  0.08936346
9741.78224238497  0.09037422
9742.86454957875  0.09138239
9743.94685677253  0.09238706
9745.02916396631  0.09338794
9746.11147116009  0.09438454
9747.19377835386  0.09537613
9748.27608554764  0.09636371
9749.35839274142  0.09734648
9750.4406999352  0.09832376
9751.52300712898  0.09929501
9752.60531432275  0.1002611
9753.68762151653  0.1012211
9754.76992871031  0.1021748
9755.85223590409  0.1031217
9756.93454309787  0.1040612
9758.01685029165  0.104994
9759.09915748543  0.1059194
9760.1814646792  0.1068369
9761.26377187298  0.1077459
9762.34607906676  0.1086471
9763.42838626054  0.1095397
9764.51069345432  0.1104235
9765.5930006481  0.1112979
9766.67530784188  0.1121624
9767.75761503565  0.1130177
9768.83992222943  0.1138631
9769.92222942321  0.114698
9771.00453661699  0.1155218
9772.08684381077  0.1163353
9773.16915100455  0.1171378
9774.25145819832  0.1179288
9775.3337653921  0.118708
9776.41607258588  0.1194747
9777.49837977966  0.1202297
9778.58068697344  0.1209722
9779.66299416722  0.1217018
9780.74530136099  0.1224183
9781.82760855477  0.1231209
9782.90991574855  0.1238103
9783.99222294233  0.1244858
9785.07453013611  0.125147
9786.15683732989  0.1257932
9787.23914452366  0.1264251
9788.32145171744  0.127042
9789.40375891122  0.1276434
9790.486066105  0.1282291
9791.56837329878  0.1287986
9792.65068049256  0.1293523
9793.73298768634  0.12989
9794.81529488011  0.1304119
9795.89760207389  0.1309181
9796.97990926767  0.1314096
9798.06221646145  0.1318863
9799.14452365523  0.1323485
9800.22683084901  0.1327965
9801.30913804278  0.1332303
9802.39144523656  0.133651
9803.47375243034  0.1340584
9804.55605962412  0.134453
9805.6383668179  0.1348346
9806.72067401168  0.1352043
9807.80298120545  0.135562
9808.88528839923  0.1359081
9809.96759559301  0.1362428
9811.04990278679  0.1365663
9812.13220998057  0.1368792
9813.21451717435  0.1371818
9814.29682436812  0.1374744
9815.3791315619  0.137757
9816.46143875568  0.1380301
9817.54374594946  0.1382942
9818.62605314324  0.1385496
9819.70836033701  0.1387963
9820.7906675308  0.1390347
9821.87297472457  0.1392654
9822.95528191835  0.1394885
9824.03758911213  0.1397044
9825.11989630591  0.1399134
9826.20220349969  0.1401155
9827.28451069347  0.1403114
9828.36681788724  0.1405013
9829.44912508102  0.1406856
9830.5314322748  0.1408643
9831.61373946858  0.1410381
9832.69604666236  0.1412071
9833.77835385614  0.1413717
9834.86066104991  0.1415322
9835.94296824369  0.1416887
9837.02527543747  0.1418419
9838.10758263125  0.1419919
9839.18988982503  0.1421389
9840.27219701881  0.1422834
9841.35450421258  0.1424256
9842.43681140636  0.142566
9843.51911860014  0.1427047
9844.60142579392  0.1428421
9845.6837329877  0.1429784
9846.76604018148  0.1431142
9847.84834737526  0.1432496
9848.93065456903  0.1433849
9850.01296176281  0.1435204
9851.09526895659  0.1436565
9852.17757615037  0.1437936
9853.25988334415  0.1439318
9854.34219053792  0.1440716
9855.4244977317  0.1442131
9856.50680492548  0.1443567
9857.58911211926  0.1445029
9858.67141931304  0.1446519
9859.75372650682  0.1448039
9860.8360337006  0.1449592
9861.91834089437  0.1451183
9863.00064808815  0.1452815
9864.08295528193  0.145449
9865.16526247571  0.145621
9866.24756966949  0.145798
9867.32987686327  0.1459804
9868.41218405704  0.1461684
9869.49449125082  0.1463622
9870.5767984446  0.1465622
9871.65910563838  0.1467687
9872.74141283216  0.1469822
9873.82372002594  0.1472028
9874.90602721972  0.1474307
9875.98833441349  0.1476665
9877.07064160727  0.1479104
9878.15294880105  0.1481628
9879.23525599483  0.1484239
9880.31756318861  0.1486938
9881.39987038239  0.1489731
9882.48217757616  0.1492618
9883.56448476994  0.1495595
9884.64679196372  0.1498658
9885.7290991575  0.1501811
9886.81140635128  0.1505049
9887.89371354506  0.150837
9888.97602073883  0.1511772
9890.05832793261  0.1515251
9891.14063512639  0.1518811
9892.22294232017  0.1522447
9893.30524951395  0.1526157
9894.38755670773  0.1529939
9895.46986390151  0.1533789
9896.55217109528  0.153771
9897.63447828906  0.1541698
9898.71678548284  0.1545751
9899.79909267662  0.1549865
9900.8813998704  0.1554042
9901.96370706417  0.1558279
9903.04601425795  0.1562574
9904.12832145173  0.1566924
9905.21062864551  0.1571326
9906.29293583929  0.1575782
9907.37524303307  0.1580289
9908.45755022685  0.1584844
9909.53985742062  0.1589443
9910.6221646144  0.159409
9911.70447180818  0.159878
9912.78677900196  0.1603512
9913.86908619574  0.1608282
9914.95139338952  0.1613086
9916.03370058329  0.161793
9917.11600777707  0.1622808
9918.19831497085  0.1627717
9919.28062216463  0.1632653
9920.36292935841  0.1637621
9921.44523655219  0.1642616
9922.52754374596  0.1647636
9923.60985093974  0.1652678
9924.69215813352  0.1657737
9925.7744653273  0.1662819
9926.85677252108  0.1667919
9927.93907971486  0.1673034
9929.02138690863  0.167816
9930.10369410241  0.16833
9931.18600129619  0.1688452
9932.26830848997  0.1693611
9933.35061568375  0.1698777
9934.43292287753  0.1703943
9935.51523007131  0.1709116
9936.59753726508  0.171429
9937.67984445886  0.1719463
9938.76215165264  0.1724633
9939.84445884642  0.1729795
9940.9267660402  0.1734954
9942.00907323398  0.1740105
9943.09138042775  0.1745246
9944.17368762153  0.1750371
9945.25599481531  0.1755486
9946.33830200909  0.1760586
9947.42060920287  0.1765669
9948.50291639665  0.1770731
9949.58522359042  0.177577
9950.6675307842  0.1780788
9951.74983797798  0.1785783
9952.83214517176  0.179075
9953.91445236554  0.1795686
9954.99675955932  0.1800595
9956.07906675309  0.1805472
9957.16137394687  0.1810316
9958.24368114065  0.1815123
9959.32598833443  0.181989
9960.40829552821  0.182462
9961.49060272199  0.182931
9962.57290991577  0.1833956
9963.65521710954  0.1838554
9964.73752430332  0.1843109
9965.8198314971  0.1847615
9966.90213869088  0.1852072
9967.98444588466  0.1856475
9969.06675307844  0.1860822
9970.14906027221  0.1865116
9971.23136746599  0.1869355
9972.31367465977  0.187354
9973.39598185355  0.1877671
9974.47828904733  0.1881746
9975.56059624111  0.1885771
9976.64290343488  0.1889745
9977.72521062866  0.1893669
9978.80751782244  0.1897539
9979.88982501622  0.1901363
9980.97213221  0.1905139
9982.05443940378  0.1908867
9983.13674659756  0.1912548
9984.21905379133  0.191618
9985.30136098511  0.1919769
9986.38366817889  0.1923314
9987.46597537267  0.1926814
9988.54828256645  0.1930269
9989.63058976022  0.1933684
9990.712896954  0.1937057
9991.79520414778  0.194039
9992.87751134156  0.1943682
9993.95981853534  0.1946932
9995.04212572912  0.1950146
9996.12443292289  0.1953323
9997.20674011668  0.1956462
9998.28904731045  0.1959562
9999.37135450423  0.1962629
10000.453661698  0.1965661
10001.5359688918  0.1968659
10002.6182760856  0.1971623
10003.7005832793  0.1974553
10004.7828904731  0.1977453
10005.8651976669  0.1980323
10006.9475048607  0.1983162
10008.0298120545  0.198597
10009.1121192482  0.1988748
10010.194426442  0.19915
10011.2767336358  0.1994225
10012.3590408296  0.1996923
10013.4413480234  0.1999594
10014.5236552171  0.2002241
10015.6059624109  0.2004864
10016.6882696047  0.2007463
10017.7705767985  0.201004
10018.8528839922  0.2012593
10019.935191186  0.2015126
10021.0174983798  0.2017638
10022.0998055736  0.2020131
10023.1821127674  0.2022603
10024.2644199611  0.2025058
10025.3467271549  0.2027496
10026.4290343487  0.2029918
10027.5113415425  0.2032323
10028.5936487362  0.2034711
10029.67595593  0.2037087
10030.7582631238  0.2039448
10031.8405703176  0.2041797
10032.9228775114  0.2044132
10034.0051847051  0.2046457
10035.0874918989  0.2048771
10036.1697990927  0.2051075
10037.2521062865  0.205337
10038.3344134803  0.2055656
10039.416720674  0.2057934
10040.4990278678  0.2060206
10041.5813350616  0.2062472
10042.6636422554  0.2064731
10043.7459494491  0.2066986
10044.8282566429  0.2069238
10045.9105638367  0.2071486
10046.9928710305  0.2073732
10048.0751782243  0.2075975
10049.157485418  0.2078218
10050.2397926118  0.2080462
10051.3220998056  0.2082706
10052.4044069994  0.2084951
10053.4867141932  0.2087197
10054.5690213869  0.2089447
10055.6513285807  0.20917
10056.7336357745  0.2093959
10057.8159429683  0.209622
10058.898250162  0.2098489
10059.9805573558  0.2100764
10061.0628645496  0.2103044
10062.1451717434  0.210533
10063.2274789372  0.2107619
10064.3097861309  0.2109914
10065.3920933247  0.2112214
10066.4744005185  0.2114519
10067.5567077123  0.2116827
10068.639014906  0.211914
10069.7213220998  0.2121458
10070.8036292936  0.212378
10071.8859364874  0.2126105
10072.9682436812  0.2128433
10074.0505508749  0.2130764
10075.1328580687  0.21331
10076.2151652625  0.2135438
10077.2974724563  0.2137777
10078.3797796501  0.2140121
10079.4620868438  0.2142467
10080.5443940376  0.2144816
10081.6267012314  0.2147166
10082.7090084252  0.2149517
10083.7913156189  0.2151871
10084.8736228127  0.2154227
10085.9559300065  0.2156583
10087.0382372003  0.2158942
10088.1205443941  0.2161299
10089.2028515878  0.2163659
10090.2851587816  0.216602
10091.3674659754  0.216838
10092.4497731692  0.217074
10093.532080363  0.2173101
10094.6143875567  0.2175463
10095.6966947505  0.2177824
10096.7790019443  0.2180185
10097.8613091381  0.2182543
10098.9436163318  0.2184902
10100.0259235256  0.218726
10101.1082307194  0.2189617
10102.1905379132  0.2191971
10103.272845107  0.2194325
10104.3551523007  0.2196677
10105.4374594945  0.2199028
10106.5197666883  0.2201376
10107.6020738821  0.2203721
10108.6843810759  0.2206064
10109.7666882696  0.2208406
10110.8489954634  0.2210744
10111.9313026572  0.2213077
10113.013609851  0.221541
10114.0959170447  0.2217738
10115.1782242385  0.2220064
10116.2605314323  0.2222385
10117.3428386261  0.2224702
10118.4251458199  0.2227015
10119.5074530136  0.2229325
10120.5897602074  0.2231629
10121.6720674012  0.2233928
10122.754374595  0.2236224
10123.8366817887  0.2238514
10124.9189889825  0.22408
10126.0012961763  0.224308
10127.0836033701  0.2245353
10128.1659105639  0.2247622
10129.2482177576  0.2249885
10130.3305249514  0.2252143
10131.4128321452  0.2254393
10132.495139339  0.2256636
10133.5774465328  0.2258874
10134.6597537265  0.2261106
10135.7420609203  0.2263329
10136.8243681141  0.2265545
10137.9066753079  0.2267754
10138.9889825016  0.2269957
10140.0712896954  0.2272151
10141.1535968892  0.2274338
10142.235904083  0.2276515
10143.3182112768  0.2278685
10144.4005184705  0.2280848
10145.4828256643  0.2283001
10146.5651328581  0.2285144
10147.6474400519  0.228728
10148.7297472457  0.2289406
10149.8120544394  0.2291523
10150.8943616332  0.2293629
10151.976668827  0.2295723
10153.0589760208  0.2297807
10154.1412832145  0.229988
10155.2235904083  0.230194
10156.3058976021  0.2303987
10157.3882047959  0.2306022
10158.4705119897  0.2308044
10159.5528191834  0.2310052
10160.6351263772  0.2312046
10161.717433571  0.2314023
10162.7997407648  0.2315986
10163.8820479585  0.2317934
10164.9643551523  0.2319867
10166.0466623461  0.2321781
10167.1289695399  0.2323679
10168.2112767337  0.232556
10169.2935839274  0.2327422
10170.3758911212  0.2329267
10171.458198315  0.2331092
10172.5405055088  0.2332899
10173.6228127026  0.2334686
10174.7051198963  0.2336453
10175.7874270901  0.23382
10176.8697342839  0.2339925
10177.9520414777  0.2341629
10179.0343486714  0.2343311
10180.1166558652  0.2344971
10181.198963059  0.2346607
10182.2812702528  0.2348221
10183.3635774466  0.2349812
10184.4458846403  0.2351378
10185.5281918341  0.235292
10186.6104990279  0.2354435
10187.6928062217  0.2355927
10188.7751134155  0.2357392
10189.8574206092  0.2358831
10190.939727803  0.2360243
10192.0220349968  0.2361628
10193.1043421906  0.2362986
10194.1866493843  0.2364315
10195.2689565781  0.2365616
10196.3512637719  0.2366888
10197.4335709657  0.2368129
10198.5158781595  0.2369342
10199.5981853532  0.2370525
10200.680492547  0.2371676
10201.7627997408  0.2372796
10202.8451069346  0.2373884
10203.9274141283  0.2374941
10205.0097213221  0.2375965
10206.0920285159  0.2376956
10207.1743357097  0.2377913
10208.2566429035  0.2378837
10209.3389500972  0.2379726
10210.421257291  0.2380581
10211.5035644848  0.2381399
10212.5858716786  0.2382183
10213.6681788724  0.2382931
10214.7504860661  0.2383642
10215.8327932599  0.2384316
10216.9151004537  0.2384952
10217.9974076475  0.2385551
10219.0797148412  0.2386112
10220.162022035  0.2386633
10221.2443292288  0.2387115
10222.3266364226  0.2387558
10223.4089436164  0.2387961
10224.4912508101  0.2388323
10225.5735580039  0.2388643
10226.6558651977  0.2388923
10227.7381723915  0.2389161
10228.8204795853  0.2389356
10229.902786779  0.2389509
10230.9850939728  0.2389618
10232.0674011666  0.2389684
10233.1497083604  0.2389706
10234.2320155541  0.2389683
10235.3143227479  0.2389615
10236.3966299417  0.2389502
10237.4789371355  0.2389345
10238.5612443293  0.2389146
10239.643551523  0.2388906
10240.7258587168  0.2388627
10241.8081659106  0.238831
10242.8904731044  0.2387956
10243.9727802982  0.2387567
10245.0550874919  0.2387143
10246.1373946857  0.2386688
10247.2197018795  0.2386201
10248.3020090733  0.2385685
10249.384316267  0.2385141
10250.4666234608  0.2384569
10251.5489306546  0.2383972
10252.6312378484  0.2383352
10253.7135450422  0.2382708
10254.7958522359  0.2382044
10255.8781594297  0.2381359
10256.9604666235  0.2380657
10258.0427738173  0.2379937
10259.125081011  0.2379202
10260.2073882048  0.2378453
10261.2896953986  0.2377691
10262.3720025924  0.2376917
10263.4543097862  0.2376134
10264.5366169799  0.2375342
10265.6189241737  0.2374543
10266.7012313675  0.2373739
10267.7835385613  0.2372929
10268.8658457551  0.2372117
10269.9481529488  0.2371304
10271.0304601426  0.2370491
10272.1127673364  0.2369678
10273.1950745302  0.2368869
10274.2773817239  0.2368063
10275.3596889177  0.2367264
10276.4419961115  0.2366471
10277.5243033053  0.2365687
10278.6066104991  0.2364912
10279.6889176928  0.2364148
10280.7712248866  0.2363398
10281.8535320804  0.2362662
10282.9358392742  0.236194
10284.0181464679  0.2361235
10285.1004536617  0.2360549
10286.1827608555  0.2359882
10287.2650680493  0.2359236
10288.3473752431  0.2358613
10289.4296824368  0.2358014
10290.5119896306  0.2357439
10291.5942968244  0.2356892
10292.6766040182  0.2356372
10293.758911212  0.2355882
10294.8412184057  0.2355424
10295.9235255995  0.2354997
10297.0058327933  0.2354604
10298.0881399871  0.2354246
10299.1704471808  0.2353924
10300.2527543746  0.2353641
10301.3350615684  0.2353397
10302.4173687622  0.2353193
10303.499675956  0.2353032
10304.5819831497  0.2352914
10305.6642903435  0.2352841
10306.7465975373  0.2352815
10307.8289047311  0.2352837
10308.9112119249  0.2352907
10309.9935191186  0.2353028
10311.0758263124  0.2353201
10312.1581335062  0.2353428
10313.2404407  0.2353709
10314.3227478937  0.2354047
10315.4050550875  0.2354442
10316.4873622813  0.2354896
10317.5696694751  0.2355411
10318.6519766689  0.2355988
10319.7342838626  0.2356627
10320.8165910564  0.2357332
10321.8988982502  0.2358103
10322.981205444  0.2358941
10324.0635126378  0.2359848
10325.1458198315  0.2360824
10326.2281270253  0.2361868
10327.3104342191  0.2362978
10328.3927414129  0.2364153
10329.4750486066  0.2365391
10330.5573558004  0.236669
10331.6396629942  0.2368049
10332.721970188  0.2369466
10333.8042773818  0.2370941
10334.8865845755  0.2372468
10335.9688917693  0.237405
10337.0511989631  0.2375683
10338.1335061569  0.2377367
10339.2158133507  0.2379097
10340.2981205444  0.2380876
10341.3804277382  0.23827
10342.462734932  0.2384567
10343.5450421258  0.2386476
10344.6273493195  0.2388424
10345.7096565133  0.2390411
10346.7919637071  0.2392436
10347.8742709009  0.2394496
10348.9565780947  0.2396588
10350.0388852884  0.2398714
10351.1211924822  0.240087
10352.203499676  0.2403055
10353.2858068698  0.2405268
10354.3681140635  0.2407504
10355.4504212573  0.2409766
10356.5327284511  0.2412049
10357.6150356449  0.2414354
10358.6973428387  0.2416678
10359.7796500324  0.2419018
10360.8619572262  0.2421374
10361.94426442  0.2423745
10363.0265716138  0.2426129
10364.1088788076  0.2428522
10365.1911860013  0.2430926
10366.2734931951  0.2433337
10367.3558003889  0.2435755
10368.4381075827  0.2438177
10369.5204147764  0.24406
10370.6027219702  0.2443025
10371.685029164  0.2445451
10372.7673363578  0.2447874
10373.8496435516  0.2450292
10374.9319507453  0.2452705
10376.0142579391  0.2455112
10377.0965651329  0.2457511
10378.1788723267  0.2459899
10379.2611795205  0.2462274
10380.3434867142  0.2464636
10381.425793908  0.2466984
10382.5081011018  0.2469315
10383.5904082956  0.2471625
10384.6727154893  0.2473917
10385.7550226831  0.2476188
10386.8373298769  0.2478435
10387.9196370707  0.2480658
10389.0019442645  0.2482852
10390.0842514582  0.248502
10391.166558652  0.2487158
10392.2488658458  0.2489265
10393.3311730396  0.2491338
10394.4134802333  0.2493375
10395.4957874271  0.2495377
10396.5780946209  0.2497342
10397.6604018147  0.2499267
10398.7427090085  0.2501149
10399.8250162022  0.250299
10400.907323396  0.2504787
10401.9896305898  0.2506537
10403.0719377836  0.250824
10404.1542449774  0.2509892
10405.2365521711  0.2511494
10406.3188593649  0.2513044
10407.4011665587  0.251454
10408.4834737525  0.2515978
10409.5657809462  0.251736
10410.64808814  0.2518684
10411.7303953338  0.2519946
10412.8127025276  0.2521146
10413.8950097214  0.2522283
10414.9773169151  0.2523358
10416.0596241089  0.2524373
10417.1419313027  0.2525329
10418.2242384965  0.2526227
10419.3065456903  0.2527068
10420.388852884  0.2527855
10421.4711600778  0.2528588
10422.5534672716  0.2529268
10423.6357744654  0.2529897
10424.7180816591  0.2530475
10425.8003888529  0.2531005
10426.8826960467  0.2531488
10427.9650032405  0.2531924
10429.0473104343  0.2532316
10430.129617628  0.2532665
10431.2119248218  0.253297
10432.2942320156  0.2533235
10433.3765392094  0.2533461
10434.4588464031  0.2533648
10435.5411535969  0.2533798
10436.6234607907  0.2533912
10437.7057679845  0.2533993
10438.7880751783  0.253404
10439.870382372  0.2534054
10440.9526895658  0.2534039
10442.0349967596  0.2533994
10443.1173039534  0.2533921
10444.1996111472  0.2533821
10445.2819183409  0.2533697
10446.3642255347  0.2533548
10447.4465327285  0.2533377
10448.5288399223  0.2533184
10449.611147116  0.2532971
10450.6934543098  0.2532739
10451.7757615036  0.2532489
10452.8580686974  0.2532224
10453.9403758912  0.2531943
10455.0226830849  0.2531649
10456.1049902787  0.2531342
10457.1872974725  0.2531025
10458.2696046663  0.2530697
10459.3519118601  0.2530361
10460.4342190538  0.2530017
10461.5165262476  0.2529669
10462.5988334414  0.2529315
10463.6811406352  0.2528958
10464.7634478289  0.2528599
10465.8457550227  0.2528239
10466.9280622165  0.252788
10468.0103694103  0.2527523
10469.0926766041  0.252717
10470.1749837978  0.252682
10471.2572909916  0.2526477
10472.3395981854  0.2526141
10473.4219053792  0.2525813
10474.5042125729  0.2525494
10475.5865197667  0.2525187
10476.6688269605  0.2524892
10477.7511341543  0.252461
10478.8334413481  0.2524344
10479.9157485418  0.2524094
10480.9980557356  0.2523861
10482.0803629294  0.2523646
10483.1626701232  0.2523453
10484.244977317  0.252328
10485.3272845107  0.252313
10486.4095917045  0.2523004
10487.4918988983  0.2522904
10488.5742060921  0.2522829
10489.6565132858  0.2522783
10490.7388204796  0.2522766
10491.8211276734  0.252278
10492.9034348672  0.2522825
10493.985742061  0.2522903
10495.0680492547  0.2523016
10496.1503564485  0.2523164
10497.2326636423  0.2523349
10498.3149708361  0.2523573
10499.3972780299  0.2523836
10500.4795852236  0.252414
10501.5618924174  0.2524486
10502.6441996112  0.2524874
10503.726506805  0.2525304
10504.8088139987  0.2525774
10505.8911211925  0.2526283
10506.9734283863  0.252683
10508.0557355801  0.2527414
10509.1380427739  0.2528035
10510.2203499676  0.252869
10511.3026571614  0.252938
10512.3849643552  0.2530102
10513.467271549  0.2530856
10514.5495787428  0.253164
10515.6318859365  0.2532455
10516.7141931303  0.2533298
10517.7965003241  0.2534167
10518.8788075179  0.2535064
10519.9611147116  0.2535987
10521.0434219054  0.2536933
10522.1257290992  0.2537902
10523.208036293  0.2538894
10524.2903434868  0.2539908
10525.3726506805  0.2540941
10526.4549578743  0.2541993
10527.5372650681  0.2543062
10528.6195722619  0.2544149
10529.7018794556  0.2545251
10530.7841866494  0.2546369
10531.8664938432  0.2547499
10532.948801037  0.2548642
10534.0311082308  0.2549797
10535.1134154245  0.2550963
10536.1957226183  0.2552138
10537.2780298121  0.255332
10538.3603370059  0.255451
10539.4426441997  0.2555707
10540.5249513934  0.2556908
10541.6072585872  0.2558114
10542.689565781  0.2559322
10543.7718729748  0.2560533
10544.8541801685  0.2561744
10545.9364873623  0.2562956
10547.0187945561  0.2564164
10548.1011017499  0.2565372
10549.1834089437  0.2566576
10550.2657161374  0.2567776
10551.3480233312  0.256897
10552.430330525  0.2570156
10553.5126377188  0.2571336
10554.5949449126  0.2572507
10555.6772521063  0.2573668
10556.7595593001  0.2574817
10557.8418664939  0.2575955
10558.9241736877  0.2577081
10560.0064808814  0.2578192
10561.0887880752  0.2579288
10562.171095269  0.2580367
10563.2534024628  0.2581429
10564.3357096566  0.2582473
10565.4180168503  0.2583498
10566.5003240441  0.2584501
10567.5826312379  0.2585483
10568.6649384317  0.2586443
10569.7472456254  0.258738
10570.8295528192  0.2588291
10571.911860013  0.2589177
10572.9941672068  0.2590035
10574.0764744006  0.2590866
10575.1587815943  0.2591667
10576.2410887881  0.2592439
10577.3233959819  0.2593179
10578.4057031757  0.2593887
10579.4880103695  0.2594562
10580.5703175632  0.2595203
10581.652624757  0.2595808
10582.7349319508  0.2596376
10583.8172391446  0.2596907
10584.8995463383  0.25974
10585.9818535321  0.2597853
10587.0641607259  0.2598264
10588.1464679197  0.2598634
10589.2287751135  0.2598962
10590.3110823072  0.2599245
10591.393389501  0.2599484
10592.4756966948  0.2599679
10593.5580038886  0.259983
10594.6403110824  0.2599938
10595.7226182761  0.2600003
10596.8049254699  0.2600025
10597.8872326637  0.2600004
10598.9695398575  0.2599941
10600.0518470512  0.2599836
10601.134154245  0.259969
10602.2164614388  0.2599503
10603.2987686326  0.2599274
10604.3810758264  0.2599005
10605.4633830201  0.2598695
10606.5456902139  0.2598345
10607.6279974077  0.2597955
10608.7103046015  0.2597526
10609.7926117953  0.2597058
10610.874918989  0.2596551
10611.9572261828  0.2596005
10613.0395333766  0.259542
10614.1218405704  0.2594798
10615.2041477641  0.2594138
10616.2864549579  0.2593441
10617.3687621517  0.2592707
10618.4510693455  0.2591936
10619.5333765393  0.2591128
10620.615683733  0.2590285
10621.6979909268  0.2589405
10622.7802981206  0.258849
10623.8626053144  0.258754
10624.9449125081  0.2586554
10626.0272197019  0.2585534
10627.1095268957  0.258448
10628.1918340895  0.2583391
10629.2741412833  0.2582269
10630.356448477  0.2581112
10631.4387556708  0.2579924
10632.5210628646  0.2578703
10633.6033700584  0.2577448
10634.6856772522  0.2576161
10635.7679844459  0.2574843
10636.8502916397  0.2573493
10637.9325988335  0.257211
10639.0149060273  0.2570698
10640.097213221  0.2569254
10641.1795204148  0.2567781
10642.2618276086  0.2566278
10643.3441348024  0.2564743
10644.4264419962  0.2563179
10645.5087491899  0.2561588
10646.5910563837  0.2559966
10647.6733635775  0.2558316
10648.7556707713  0.2556637
10649.837977965  0.255493
10650.9202851588  0.2553197
10652.0025923526  0.2551435
10653.0848995464  0.2549646
10654.1672067402  0.254783
10655.2495139339  0.2545989
10656.3318211277  0.2544121
10657.4141283215  0.2542226
10658.4964355153  0.2540306
10659.5787427091  0.253836
10660.6610499028  0.2536391
10661.7433570966  0.2534396
10662.8256642904  0.2532376
10663.9079714842  0.2530333
10664.9902786779  0.2528265
10666.0725858717  0.2526175
10667.1548930655  0.2524061
10668.2372002593  0.2521924
10669.3195074531  0.2519764
10670.4018146468  0.2517583
10671.4841218406  0.251538
10672.5664290344  0.2513154
10673.6487362282  0.2510906
10674.731043422  0.2508638
10675.8133506157  0.250635
10676.8956578095  0.2504042
10677.9779650033  0.2501712
10679.0602721971  0.2499362
10680.1425793908  0.2496995
10681.2248865846  0.2494609
10682.3071937784  0.2492207
10683.3895009722  0.2489789
10684.471808166  0.2487358
10685.5541153597  0.2484916
10686.6364225535  0.2482463
10687.7187297473  0.2479998
10688.8010369411  0.2477527
10689.8833441349  0.2475049
10690.9656513286  0.2472565
10692.0479585224  0.2470076
10693.1302657162  0.2467584
10694.21257291  0.2465091
10695.2948801037  0.2462599
10696.3771872975  0.2460108
10697.4594944913  0.2457618
10698.5418016851  0.2455131
10699.6241088789  0.2452652
10700.7064160726  0.2450178
10701.7887232664  0.2447711
10702.8710304602  0.2445254
10703.953337654  0.2442807
10705.0356448477  0.2440373
10706.1179520415  0.2437952
10707.2002592353  0.2435544
10708.2825664291  0.2433153
10709.3648736229  0.2430778
10710.4471808166  0.2428424
10711.5294880104  0.2426088
10712.6117952042  0.2423773
10713.694102398  0.2421481
10714.7764095918  0.2419214
10715.8587167855  0.2416972
10716.9410239793  0.2414755
10718.0233311731  0.2412566
10719.1056383669  0.2410407
10720.1879455606  0.2408279
10721.2702527544  0.2406183
10722.3525599482  0.2404119
10723.434867142  0.240209
10724.5171743358  0.2400099
10725.5994815295  0.2398144
10726.6817887233  0.2396226
10727.7640959171  0.2394349
10728.8464031109  0.2392513
10729.9287103047  0.2390721
10731.0110174984  0.2388972
10732.0933246922  0.2387268
10733.175631886  0.2385611
10734.2579390798  0.2384003
10735.3402462735  0.2382443
10736.4225534673  0.2380934
10737.5048606611  0.2379477
10738.5871678549  0.2378072
10739.6694750487  0.2376724
10740.7517822424  0.2375432
10741.8340894362  0.2374196
10742.91639663  0.2373019
10743.9987038238  0.2371902
10745.0810110176  0.2370847
10746.1633182113  0.2369854
10747.2456254051  0.2368926
10748.3279325989  0.2368062
10749.4102397927  0.2367266
10750.4925469864  0.2366538
10751.5748541802  0.2365878
10752.657161374  0.236529
10753.7394685678  0.2364774
10754.8217757616  0.2364331
10755.9040829553  0.2363964
10756.9863901491  0.2363672
10758.0686973429  0.2363458
10759.1510045367  0.2363322
10760.2333117305  0.2363267
10761.3156189242  0.2363293
10762.397926118  0.2363402
10763.4802333118  0.2363595
10764.5625405056  0.2363874
10765.6448476993  0.2364239
10766.7271548931  0.2364693
10767.8094620869  0.2365235
10768.8917692807  0.2365866
10769.9740764745  0.2366583
10771.0563836682  0.2367385
10772.138690862  0.2368268
10773.2209980558  0.2369231
10774.3033052496  0.237027
10775.3856124433  0.2371384
10776.4679196371  0.2372572
10777.5502268309  0.237383
10778.6325340247  0.2375157
10779.7148412185  0.2376549
10780.7971484122  0.2378004
10781.879455606  0.2379522
10782.9617627998  0.23811
10784.0440699936  0.2382733
10785.1263771874  0.2384421
10786.2086843811  0.2386163
10787.2909915749  0.2387956
10788.3732987687  0.2389796
10789.4556059625  0.2391681
10790.5379131562  0.239361
10791.62022035  0.2395582
10792.7025275438  0.2397592
10793.7848347376  0.2399638
10794.8671419314  0.240172
10795.9494491251  0.2403834
10797.0317563189  0.2405979
10798.1140635127  0.2408153
10799.1963707065  0.241035
10800.2786779002  0.2412571
10801.360985094  0.2414815
10802.4432922878  0.2417077
10803.5255994816  0.2419355
10804.6079066754  0.2421648
10805.6902138691  0.2423954
10806.7725210629  0.242627
10807.8548282567  0.2428595
10808.9371354505  0.2430923
10810.0194426443  0.2433255
10811.101749838  0.2435589
10812.1840570318  0.2437922
10813.2663642256  0.244025
10814.3486714194  0.2442573
10815.4309786131  0.244489
10816.5132858069  0.2447196
10817.5955930007  0.244949
10818.6779001945  0.2451767
10819.7602073883  0.2454029
10820.842514582  0.2456273
10821.9248217758  0.2458495
10823.0071289696  0.2460693
10824.0894361634  0.2462865
10825.1717433572  0.2465009
10826.2540505509  0.2467124
10827.3363577447  0.2469207
10828.4186649385  0.2471253
10829.5009721323  0.2473263
10830.583279326  0.2475234
10831.6655865198  0.2477164
10832.7478937136  0.2479051
10833.8302009074  0.248089
10834.9125081012  0.2482681
10835.9948152949  0.2484424
10837.0771224887  0.2486113
10838.1594296825  0.2487747
10839.2417368763  0.2489324
10840.32404407  0.2490842
10841.4063512638  0.2492298
10842.4886584576  0.2493691
10843.5709656514  0.2495017
10844.6532728452  0.2496275
10845.7355800389  0.2497463
10846.8178872327  0.2498578
10847.9001944265  0.2499618
10848.9825016203  0.250058
10850.0648088141  0.2501463
10851.1471160078  0.2502265
10852.2294232016  0.2502983
10853.3117303954  0.2503614
10854.3940375892  0.2504157
10855.4763447829  0.250461
10856.5586519767  0.250497
10857.6409591705  0.2505237
10858.7232663643  0.2505415
10859.8055735581  0.2505504
10860.8878807518  0.2505507
10861.9701879456  0.2505425
10863.0524951394  0.250526
10864.1348023332  0.2505014
10865.217109527  0.2504689
10866.2994167207  0.2504286
10867.3817239145  0.2503808
10868.4640311083  0.2503256
10869.5463383021  0.2502633
10870.6286454958  0.2501939
10871.7109526896  0.2501177
10872.7932598834  0.2500349
10873.8755670772  0.2499456
10874.957874271  0.24985
10876.0401814647  0.2497483
10877.1224886585  0.2496407
10878.2047958523  0.2495274
10879.2871030461  0.2494086
10880.3694102399  0.2492843
10881.4517174336  0.249155
10882.5340246274  0.2490206
10883.6163318212  0.2488814
10884.698639015  0.2487376
10885.7809462087  0.2485893
10886.8632534025  0.2484368
10887.9455605963  0.2482802
10889.0278677901  0.2481197
10890.1101749839  0.2479555
10891.1924821776  0.2477877
10892.2747893714  0.2476167
10893.3570965652  0.2474425
10894.439403759  0.2472652
10895.5217109527  0.2470851
10896.6040181465  0.2469024
10897.6863253403  0.2467175
10898.7686325341  0.2465302
10899.8509397279  0.2463407
10900.9332469216  0.2461495
10902.0155541154  0.2459565
10903.0978613092  0.2457621
10904.180168503  0.2455663
10905.2624756967  0.2453692
10906.3447828905  0.2451713
10907.4270900843  0.2449727
10908.5093972781  0.2447734
10909.5917044719  0.2445736
10910.6740116656  0.2443736
10911.7563188594  0.2441736
10912.8386260532  0.2439737
10913.920933247  0.2437742
10915.0032404408  0.2435751
10916.0855476345  0.2433766
10917.1678548283  0.2431792
10918.2501620221  0.2429828
10919.3324692159  0.2427875
10920.4147764097  0.2425936
10921.4970836034  0.2424013
10922.5793907972  0.2422109
10923.661697991  0.2420224
10924.7440051848  0.241836
10925.8263123785  0.241652
10926.9086195723  0.2414705
10927.9909267661  0.2412917
10929.0732339599  0.2411158
10930.1555411537  0.2409428
10931.2378483474  0.2407732
10932.3201555412  0.240607
10933.402462735  0.2404444
10934.4847699288  0.2402856
10935.5670771225  0.2401307
10936.6493843163  0.23998
10937.7316915101  0.2398337
10938.8139987039  0.2396919
10939.8963058977  0.2395548
10940.9786130914  0.2394225
10942.0609202852  0.2392955
10943.143227479  0.2391736
10944.2255346728  0.2390571
10945.3078418666  0.2389462
10946.3901490603  0.238841
10947.4724562541  0.2387413
10948.5547634479  0.238647
10949.6370706417  0.2385581
10950.7193778354  0.2384745
10951.8016850292  0.2383963
10952.883992223  0.2383232
10953.9662994168  0.2382552
10955.0486066106  0.2381923
10956.1309138043  0.2381344
10957.2132209981  0.2380814
10958.2955281919  0.2380333
10959.3778353857  0.23799
10960.4601425795  0.2379513
10961.5424497732  0.2379174
10962.624756967  0.237888
10963.7070641608  0.2378632
10964.7893713546  0.2378428
10965.8716785483  0.2378268
10966.9539857421  0.2378151
10968.0362929359  0.2378077
10969.1186001297  0.2378044
10970.2009073235  0.2378053
10971.2832145172  0.2378103
10972.365521711  0.2378193
10973.4478289048  0.2378321
10974.5301360986  0.2378488
10975.6124432924  0.2378693
10976.6947504861  0.2378935
10977.7770576799  0.2379214
10978.8593648737  0.2379529
10979.9416720675  0.2379878
10981.0239792612  0.2380263
10982.106286455  0.2380681
10983.1885936488  0.2381132
10984.2709008426  0.2381616
10985.3532080364  0.2382132
10986.4355152301  0.2382679
10987.5178224239  0.2383256
10988.6001296177  0.2383863
10989.6824368115  0.23845
10990.7647440052  0.2385165
10991.847051199  0.2385857
10992.9293583928  0.2386577
10994.0116655866  0.2387324
10995.0939727804  0.2388096
10996.1762799741  0.2388893
10997.2585871679  0.2389715
10998.3408943617  0.2390561
10999.4232015555  0.2391429
11000.5055087493  0.2392321
11001.587815943  0.2393233
11002.6701231368  0.2394168
11003.7524303306  0.2395122
11004.8347375244  0.2396097
11005.9170447181  0.239709
11006.9993519119  0.2398102
11008.0816591057  0.2399132
11009.1639662995  0.2400179
11010.2462734933  0.2401242
11011.328580687  0.2402322
11012.4108878808  0.2403416
11013.4931950746  0.2404524
11014.5755022684  0.2405647
11015.6578094622  0.2406783
11016.7401166559  0.240793
11017.8224238497  0.240909
11018.9047310435  0.2410261
11019.9870382373  0.2411442
11021.069345431  0.2412633
11022.1516526248  0.2413833
11023.2339598186  0.2415042
11024.3162670124  0.2416258
11025.3985742062  0.2417482
11026.4808813999  0.2418711
11027.5631885937  0.2419946
11028.6454957875  0.2421187
11029.7278029813  0.2422432
11030.810110175  0.242368
11031.8924173688  0.2424931
11032.9747245626  0.2426185
11034.0570317564  0.2427441
11035.1393389502  0.2428698
11036.2216461439  0.2429952
11037.3039533377  0.2431203
11038.3862605315  0.2432449
11039.4685677253  0.2433691
11040.5508749191  0.2434923
11041.6331821128  0.2436146
11042.7154893066  0.243736
11043.7977965004  0.243856
11044.8801036942  0.2439746
11045.9624108879  0.2440916
11047.0447180817  0.244207
11048.1270252755  0.2443204
11049.2093324693  0.2444318
11050.2916396631  0.244541
11051.3739468568  0.2446478
11052.4562540506  0.2447521
11053.5385612444  0.2448538
11054.6208684382  0.2449527
11055.703175632  0.2450484
11056.7854828257  0.2451411
11057.8677900195  0.2452305
11058.9500972133  0.2453164
11060.0324044071  0.2453987
11061.1147116008  0.2454772
11062.1970187946  0.2455516
11063.2793259884  0.2456221
11064.3616331822  0.2456883
11065.443940376  0.24575
11066.5262475697  0.2458072
11067.6085547635  0.2458596
11068.6908619573  0.2459072
11069.7731691511  0.2459497
11070.8554763448  0.2459869
11071.9377835386  0.2460188
11073.0200907324  0.2460452
11074.1023979262  0.2460659
11075.18470512  0.2460807
11076.2670123137  0.2460896
11077.3493195075  0.2460922
11078.4316267013  0.2460886
11079.5139338951  0.2460785
11080.5962410889  0.2460617
11081.6785482826  0.2460381
11082.7608554764  0.2460076
11083.8431626702  0.2459699
11084.925469864  0.245925
11086.0077770577  0.2458727
11087.0900842515  0.2458128
11088.1723914453  0.2457451
11089.2546986391  0.2456694
11090.3370058329  0.2455858
11091.4193130266  0.2454939
11092.5016202204  0.2453936
11093.5839274142  0.2452848
11094.666234608  0.2451673
11095.7485418017  0.245041
11096.8308489955  0.2449056
11097.9131561893  0.244761
11098.9954633831  0.244607
11100.0777705769  0.2444437
11101.1600777706  0.2442707
11102.2423849644  0.2440878
11103.3246921582  0.243895
11104.406999352  0.2436919
11105.4893065458  0.2434788
11106.5716137395  0.2432552
11107.6539209333  0.2430208
11108.7362281271  0.2427757
11109.8185353209  0.2425199
11110.9008425146  0.2422529
11111.9831497084  0.2419745
11113.0654569022  0.2416848
11114.147764096  0.2413835
11115.2300712898  0.2410706
11116.3123784835  0.240746
11117.3946856773  0.240409
11118.4769928711  0.2400599
11119.5593000649  0.2396986
11120.6416072587  0.2393248
11121.7239144524  0.2389382
11122.8062216462  0.2385388
11123.88852884  0.2381266
11124.9708360338  0.2377019
11126.0531432275  0.2372646
11127.1354504213  0.2368144
11128.2177576151  0.2363516
11129.3000648089  0.2358763
11130.3823720027  0.2353887
11131.4646791964  0.2348888
11132.5469863902  0.2343763
11133.629293584  0.2338514
11134.7116007778  0.2333145
11135.7939079716  0.2327655
11136.8762151653  0.232204
11137.9585223591  0.2316304
11139.0408295529  0.2310447
11140.1231367467  0.2304472
11141.2054439404  0.2298379
11142.2877511342  0.2292164
11143.370058328  0.2285829
11144.4523655218  0.2279379
11145.5346727156  0.2272813
11146.6169799093  0.2266126
11147.6992871031  0.2259322
11148.7815942969  0.2252402
11149.8639014907  0.224537
11150.9462086845  0.2238224
11152.0285158782  0.2230958
11153.110823072  0.2223579
11154.1931302658  0.221609
11155.2754374596  0.2208489
11156.3577446533  0.220077
11157.4400518471  0.219294
11158.5223590409  0.2184997
11159.6046662347  0.2176949
11160.6869734285  0.216879
11161.7692806222  0.2160517
11162.851587816  0.2152134
11163.9338950098  0.2143642
11165.0162022036  0.2135046
11166.0985093973  0.2126343
11167.1808165911  0.2117526
11168.2631237849  0.2108603
11169.3454309787  0.2099578
11170.4277381725  0.2090449
11171.5100453662  0.2081208
11172.59235256  0.2071863
11173.6746597538  0.2062413
11174.7569669476  0.2052863
11175.8392741414  0.2043211
11176.9215813351  0.2033451
11178.0038885289  0.2023587
11179.0861957227  0.2013627
11180.1685029165  0.2003567
11181.2508101102  0.1993401
11182.333117304  0.1983134
11183.4154244978  0.1972766
11184.4977316916  0.1962305
11185.5800388854  0.1951745
11186.6623460791  0.1941082
11187.7446532729  0.1930319
11188.8269604667  0.1919465
11189.9092676605  0.1908516
11190.9915748543  0.1897464
11192.073882048  0.1886316
11193.1561892418  0.1875073
11194.2384964356  0.1863741
11195.3208036294  0.1852314
11196.4031108231  0.1840788
11197.4854180169  0.1829168
11198.5677252107  0.1817462
11199.6500324045  0.1805663
11200.7323395983  0.1793768
11201.814646792  0.178178
11202.8969539858  0.1769701
11203.9792611796  0.1757539
11205.0615683734  0.1745287
11206.1438755671  0.1732939
11207.2261827609  0.1720503
11208.3084899547  0.1707979
11209.3907971485  0.1695372
11210.4731043423  0.168268
11211.555411536  0.1669895
11212.6377187298  0.165703
11213.7200259236  0.1644098
11214.8023331174  0.16311
11215.8846403112  0.1618034
11216.9669475049  0.1604914
11218.0492546987  0.1591748
11219.1315618925  0.1578543
11220.2138690863  0.1565306
11221.29617628  0.1552032
11222.3784834738  0.1538735
11223.4607906676  0.1525428
11224.5430978614  0.1512114
11225.6254050552  0.1498788
11226.7077122489  0.1485465
11227.7900194427  0.1472152
11228.8723266365  0.145886
11229.9546338303  0.1445592
11231.0369410241  0.1432344
11232.1192482178  0.1419131
11233.2015554116  0.1405965
11234.2838626054  0.1392849
11235.3661697992  0.1379778
11236.4484769929  0.1366768
11237.5307841867  0.1353825
11238.6130913805  0.1340961
11239.6953985743  0.1328177
11240.7777057681  0.1315471
11241.8600129618  0.1302858
11242.9423201556  0.1290343
11244.0246273494  0.1277938
11245.1069345432  0.1265647
11246.189241737  0.1253464
11247.2715489307  0.1241405
11248.3538561245  0.1229484
11249.4361633183  0.1217699
11250.5184705121  0.120605
11251.6007777058  0.1194552
11252.6830848996  0.1183209
11253.7653920934  0.1172033
11254.8476992872  0.1161027
11255.930006481  0.1150188
11257.0123136747  0.1139531
11258.0946208685  0.1129067
11259.1769280623  0.1118797
11260.2592352561  0.1108721
11261.3415424498  0.1098853
11262.4238496436  0.1089198
11263.5061568374  0.1079765
11264.5884640312  0.107056
11265.670771225  0.1061582
11266.7530784187  0.1052841
11267.8353856125  0.1044349
11268.9176928063  0.103611
11270.0000000001  0.1028122
