8857.666000 0.000407
8858.384000 0.000414
8859.103000 0.000421
8859.821000 0.000429
8860.540000 0.000436
8861.259000 0.000443
8861.978000 0.000450
8862.697000 0.000458
8863.416000 0.000467
8864.135000 0.000476
8864.854000 0.000485
8865.573000 0.000494
8866.292000 0.000503
8867.012000 0.000512
8867.730000 0.000521
8868.450000 0.000530
8869.170000 0.000539
8869.889000 0.000548
8870.608000 0.000557
8871.328000 0.000566
8872.048000 0.000575
8872.768000 0.000584
8873.487000 0.000593
8874.207000 0.000603
8874.927000 0.000612
8875.647000 0.000621
8876.367000 0.000630
8877.087000 0.000639
8877.808000 0.000648
8878.527000 0.000657
8879.248000 0.000667
8879.968000 0.000676
8880.688000 0.000685
8881.409000 0.000694
8882.129000 0.000703
8882.850000 0.000717
8883.570000 0.000733
8884.291000 0.000749
8885.012000 0.000766
8885.732000 0.000782
8886.453000 0.000799
8887.175000 0.000815
8887.896000 0.000832
8888.616000 0.000848
8889.337000 0.000865
8890.059000 0.000881
8890.779000 0.000898
8891.501000 0.000914
8892.223000 0.000931
8892.943000 0.000947
8893.665000 0.000964
8894.387000 0.000981
8895.108000 0.000997
8895.830000 0.001014
8896.551000 0.001030
8897.273000 0.001047
8897.995000 0.001064
8898.717000 0.001081
8899.438000 0.001097
8900.160000 0.001114
8900.883000 0.001130
8901.604000 0.001147
8902.326000 0.001163
8903.049000 0.001197
8903.771000 0.001233
8904.493000 0.001270
8905.216000 0.001306
8905.938000 0.001343
8906.660000 0.001379
8907.383000 0.001416
8908.105000 0.001453
8908.828000 0.001489
8909.551000 0.001526
8910.273000 0.001562
8910.997000 0.001599
8911.720000 0.001636
8912.442000 0.001673
8913.165000 0.001709
8913.889000 0.001746
8914.611000 0.001783
8915.335000 0.001819
8916.058000 0.001856
8916.781000 0.001893
8917.505000 0.001930
8918.229000 0.001967
8918.951000 0.002004
8919.675000 0.002040
8920.398000 0.002077
8921.122000 0.002114
8921.846000 0.002151
8922.569000 0.002195
8923.294000 0.002272
8924.018000 0.002348
8924.741000 0.002425
8925.466000 0.002502
8926.189000 0.002579
8926.913000 0.002655
8927.638000 0.002732
8928.362000 0.002809
8929.086000 0.002886
8929.811000 0.002963
8930.535000 0.003040
8931.260000 0.003117
8931.984000 0.003194
8932.709000 0.003271
8933.434000 0.003348
8934.158000 0.003425
8934.883000 0.003502
8935.607000 0.003579
8936.332000 0.003656
8937.058000 0.003733
8937.782000 0.003811
8938.508000 0.003888
8939.232000 0.003965
8939.958000 0.004042
8940.683000 0.004120
8941.408000 0.004197
8942.134000 0.004275
8942.859000 0.004387
8943.584000 0.004528
8944.310000 0.004669
8945.035000 0.004809
8945.761000 0.004950
8946.487000 0.005091
8947.213000 0.005232
8947.938000 0.005373
8948.664000 0.005514
8949.391000 0.005656
8950.116000 0.005797
8950.843000 0.005939
8951.568000 0.006080
8952.295000 0.006222
8953.021000 0.006364
8953.747000 0.006506
8954.474000 0.006648
8955.200000 0.006790
8955.927000 0.006932
8956.653000 0.007075
8957.380000 0.007217
8958.106000 0.007359
8958.833000 0.007502
8959.560000 0.007644
8960.286000 0.007787
8961.014000 0.007929
8961.740000 0.008071
8962.467000 0.008215
8963.194000 0.008520
8963.922000 0.008825
8964.648000 0.009129
8965.376000 0.009434
8966.104000 0.009739
8966.830000 0.010044
8967.558000 0.010349
8968.285000 0.010654
8969.013000 0.010960
8969.740000 0.011265
8970.468000 0.011572
8971.196000 0.011879
8971.924000 0.012185
8972.651000 0.012492
8973.379000 0.012799
8974.107000 0.013106
8974.835000 0.013414
8975.563000 0.013721
8976.291000 0.014029
8977.020000 0.014337
8977.748000 0.014645
8978.477000 0.014954
8979.204000 0.015262
8979.933000 0.015570
8980.661000 0.015878
8981.390000 0.016186
8982.118000 0.016494
8982.848000 0.016982
8983.576000 0.017630
8984.305000 0.018278
8985.033000 0.018926
8985.763000 0.019576
8986.491000 0.020225
8987.221000 0.020875
8987.949000 0.021525
8988.679000 0.022175
8989.407000 0.022825
8990.137000 0.023476
8990.866000 0.024127
8991.596000 0.024779
8992.325000 0.025430
8993.055000 0.026082
8993.784000 0.026734
8994.514000 0.027387
8995.243000 0.028039
8995.973000 0.028692
8996.703000 0.029346
8997.433000 0.029999
8998.162000 0.030653
8998.893000 0.031308
8999.622000 0.031961
9000.353000 0.032615
9001.083000 0.033266
9001.812000 0.033917
9002.543000 0.034635
9003.273000 0.035958
9004.004000 0.037280
9004.734000 0.038603
9005.465000 0.039926
9006.195000 0.041249
9006.926000 0.042572
9007.656000 0.043895
9008.388000 0.045221
9009.118000 0.046544
9009.849000 0.047868
9010.580000 0.049192
9011.311000 0.050513
9012.042000 0.051836
9012.772000 0.053157
9013.504000 0.054480
9014.235000 0.055803
9014.967000 0.057126
9015.698000 0.058449
9016.429000 0.059771
9017.160000 0.061094
9017.892000 0.062417
9018.624000 0.063742
9019.355000 0.065065
9020.087000 0.066389
9020.818000 0.067716
9021.551000 0.069046
9022.282000 0.070373
9023.015000 0.072398
9023.746000 0.074670
9024.479000 0.076946
9025.210000 0.079219
9025.942000 0.081495
9026.675000 0.083772
9027.407000 0.086049
9028.140000 0.088326
9028.872000 0.090604
9029.604000 0.092882
9030.337000 0.095160
9031.069000 0.097439
9031.802000 0.099718
9032.534000 0.101998
9033.268000 0.104280
9034.000000 0.106561
9034.732000 0.108841
9035.466000 0.111125
9036.199000 0.113409
9036.932000 0.115691
9037.665000 0.117975
9038.398000 0.120260
9039.131000 0.122543
9039.864000 0.124829
9040.598000 0.127115
9041.331000 0.129401
9042.064000 0.131688
9042.798000 0.134314
9043.532000 0.137391
9044.266000 0.140464
9044.999000 0.143537
9045.732000 0.146611
9046.467000 0.149690
9047.200000 0.152764
9047.935000 0.155844
9048.669000 0.158924
9049.402000 0.162000
9050.137000 0.165082
9050.871000 0.168174
9051.605000 0.171266
9052.339000 0.174355
9053.073000 0.177450
9053.808000 0.180544
9054.543000 0.183644
9055.277000 0.186741
9056.012000 0.189838
9056.746000 0.192936
9057.481000 0.196040
9058.216000 0.199140
9058.950000 0.202240
9059.686000 0.205346
9060.421000 0.208445
9061.155000 0.211536
9061.891000 0.214631
9062.626000 0.217710
9063.360000 0.220717
9064.096000 0.223728
9064.831000 0.226739
9065.566000 0.229751
9066.302000 0.232764
9067.038000 0.235780
9067.773000 0.238794
9068.509000 0.241807
9069.244000 0.244821
9069.980000 0.247840
9070.716000 0.250870
9071.452000 0.253906
9072.187000 0.256938
9072.924000 0.259975
9073.659000 0.263009
9074.396000 0.266048
9075.132000 0.269088
9075.868000 0.272128
9076.604000 0.275170
9077.341000 0.278212
9078.077000 0.281255
9078.813000 0.284299
9079.550000 0.287343
9080.286000 0.290382
9081.023000 0.293415
9081.760000 0.296444
9082.496000 0.299468
9083.233000 0.301548
9083.970000 0.303626
9084.707000 0.305707
9085.444000 0.307788
9086.181000 0.309867
9086.918000 0.311949
9087.655000 0.314032
9088.393000 0.316114
9089.130000 0.318197
9089.867000 0.320280
9090.604000 0.322364
9091.342000 0.324448
9092.079000 0.326532
9092.817000 0.328620
9093.555000 0.330705
9094.292000 0.332790
9095.030000 0.334879
9095.768000 0.336965
9096.506000 0.339054
9097.244000 0.341144
9097.981000 0.343231
9098.720000 0.345321
9099.458000 0.347412
9100.196000 0.349508
9100.935000 0.351621
9101.673000 0.353735
9102.411000 0.355849
9103.149000 0.357075
9103.888000 0.358182
9104.626000 0.359290
9105.365000 0.360399
9106.104000 0.361507
9106.843000 0.362617
9107.581000 0.363726
9108.320000 0.364837
9109.059000 0.365946
9109.798000 0.367058
9110.537000 0.368153
9111.275000 0.369241
9112.015000 0.370331
9112.754000 0.371420
9113.493000 0.372510
9114.232000 0.373600
9114.972000 0.374691
9115.712000 0.375782
9116.451000 0.376873
9117.190000 0.377964
9117.931000 0.379056
9118.670000 0.380147
9119.409000 0.381239
9120.149000 0.382336
9120.890000 0.383453
9121.629000 0.384569
9122.369000 0.385687
9123.109000 0.386340
9123.850000 0.386891
9124.590000 0.387442
9125.329000 0.387993
9126.070000 0.388545
9126.811000 0.389096
9127.551000 0.389648
9128.291000 0.390199
9129.031000 0.390751
9129.772000 0.391304
9130.513000 0.391840
9131.254000 0.392369
9131.994000 0.392897
9132.735000 0.393427
9133.476000 0.393955
9134.217000 0.394485
9134.958000 0.395014
9135.699000 0.395544
9136.439000 0.396073
9137.181000 0.396603
9137.922000 0.397132
9138.664000 0.397663
9139.405000 0.398193
9140.146000 0.398728
9140.888000 0.399283
9141.630000 0.399840
9142.371000 0.400395
9143.112000 0.400682
9143.854000 0.400908
9144.596000 0.401134
9145.338000 0.401360
9146.080000 0.401586
9146.822000 0.401813
9147.563000 0.402039
9148.306000 0.402265
9149.048000 0.402491
9149.790000 0.402718
9150.532000 0.402927
9151.274000 0.403129
9152.018000 0.403331
9152.760000 0.403533
9153.502000 0.403735
9154.245000 0.403937
9154.987000 0.404139
9155.729000 0.404341
9156.473000 0.404544
9157.216000 0.404746
9157.958000 0.404948
9158.701000 0.405151
9159.444000 0.405353
9160.187000 0.405562
9160.931000 0.405790
9161.674000 0.406018
9162.417000 0.406246
9163.160000 0.406254
9163.903000 0.406228
9164.646000 0.406203
9165.391000 0.406178
9166.134000 0.406152
9166.877000 0.406127
9167.621000 0.406101
9168.364000 0.406076
9169.108000 0.406050
9169.853000 0.406025
9170.596000 0.405979
9171.340000 0.405928
9172.084000 0.405878
9172.828000 0.405827
9173.572000 0.405776
9174.316000 0.405726
9175.061000 0.405675
9175.805000 0.405624
9176.550000 0.405574
9177.294000 0.405523
9178.038000 0.405472
9178.783000 0.405422
9179.527000 0.405371
9180.272000 0.405329
9181.017000 0.405304
9181.762000 0.405279
9182.507000 0.405253
9183.251000 0.405089
9183.996000 0.404922
9184.741000 0.404754
9185.486000 0.404587
9186.231000 0.404420
9186.977000 0.404252
9187.722000 0.404085
9188.468000 0.403917
9189.213000 0.403749
9189.958000 0.403582
9190.704000 0.403390
9191.449000 0.403198
9192.195000 0.403005
9192.940000 0.402812
9193.687000 0.402619
9194.433000 0.402426
9195.178000 0.402233
9195.924000 0.402040
9196.670000 0.401847
9197.416000 0.401654
9198.162000 0.401461
9198.908000 0.401268
9199.654000 0.401074
9200.401000 0.400883
9201.147000 0.400695
9201.894000 0.400506
9202.641000 0.400318
9203.387000 0.400135
9204.134000 0.399951
9204.880000 0.399767
9205.627000 0.399583
9206.373000 0.399399
9207.120000 0.399214
9207.867000 0.399030
9208.614000 0.398846
9209.361000 0.398662
9210.108000 0.398474
9210.855000 0.398265
9211.603000 0.398056
9212.350000 0.397846
9213.098000 0.397637
9213.845000 0.397428
9214.592000 0.397218
9215.340000 0.397009
9216.087000 0.396800
9216.835000 0.396590
9217.582000 0.396381
9218.330000 0.396172
9219.078000 0.395962
9219.826000 0.395752
9220.574000 0.395562
9221.322000 0.395377
9222.070000 0.395193
9222.818000 0.395071
9223.566000 0.395050
9224.314000 0.395029
9225.063000 0.395007
9225.812000 0.394986
9226.560000 0.394965
9227.308000 0.394944
9228.057000 0.394923
9228.805000 0.394901
9229.554000 0.394880
9230.303000 0.394859
9231.052000 0.394839
9231.800000 0.394819
9232.549000 0.394799
9233.298000 0.394779
9234.047000 0.394759
9234.796000 0.394739
9235.545000 0.394719
9236.295000 0.394699
9237.044000 0.394679
9237.793000 0.394659
9238.543000 0.394639
9239.292000 0.394619
9240.042000 0.394600
9240.791000 0.394605
9241.541000 0.394610
9242.290000 0.394615
9243.040000 0.394758
9243.790000 0.394969
9244.540000 0.395180
9245.290000 0.395391
9246.040000 0.395602
9246.790000 0.395813
9247.540000 0.396024
9248.290000 0.396235
9249.040000 0.396446
9249.791000 0.396658
9250.541000 0.396851
9251.292000 0.397038
9252.042000 0.397225
9252.793000 0.397412
9253.543000 0.397599
9254.294000 0.397786
9255.045000 0.397973
9255.795000 0.398159
9256.546000 0.398346
9257.297000 0.398533
9258.048000 0.398720
9258.799000 0.398908
9259.550000 0.399095
9260.302000 0.399292
9261.053000 0.399505
9261.804000 0.399718
9262.556000 0.399932
9263.307000 0.400202
9264.058000 0.400473
9264.810000 0.400744
9265.562000 0.401015
9266.313000 0.401286
9267.064000 0.401557
9267.816000 0.401828
9268.568000 0.402099
9269.320000 0.402371
9270.072000 0.402640
9270.824000 0.402886
9271.576000 0.403133
9272.328000 0.403379
9273.080000 0.403626
9273.833000 0.403872
9274.585000 0.404119
9275.337000 0.404365
9276.090000 0.404612
9276.843000 0.404859
9277.595000 0.405106
9278.348000 0.405353
9279.101000 0.405600
9279.853000 0.405847
9280.605000 0.406115
9281.358000 0.406388
9282.111000 0.406661
9282.864000 0.406892
9283.617000 0.407063
9284.371000 0.407235
9285.124000 0.407407
9285.877000 0.407579
9286.630000 0.407750
9287.384000 0.407922
9288.137000 0.408094
9288.891000 0.408266
9289.645000 0.408438
9290.397000 0.408597
9291.151000 0.408743
9291.905000 0.408890
9292.659000 0.409036
9293.413000 0.409183
9294.167000 0.409329
9294.921000 0.409476
9295.675000 0.409623
9296.429000 0.409769
9297.183000 0.409916
9297.938000 0.410063
9298.691000 0.410210
9299.445000 0.410356
9300.200000 0.410510
9300.954000 0.410683
9301.709000 0.410856
9302.464000 0.411029
9303.219000 0.411066
9303.973000 0.411085
9304.728000 0.411104
9305.482000 0.411123
9306.237000 0.411142
9306.992000 0.411161
9307.747000 0.411179
9308.503000 0.411198
9309.258000 0.411217
9310.013000 0.411235
9310.768000 0.411228
9311.523000 0.411221
9312.278000 0.411214
9313.034000 0.411207
9313.790000 0.411200
9314.545000 0.411192
9315.301000 0.411185
9316.057000 0.411178
9316.813000 0.411171
9317.568000 0.411163
9318.324000 0.411156
9319.080000 0.411149
9319.836000 0.411142
9320.592000 0.411155
9321.348000 0.411174
9322.104000 0.411193
9322.860000 0.411177
9323.616000 0.411111
9324.373000 0.411045
9325.130000 0.410979
9325.886000 0.410913
9326.643000 0.410846
9327.399000 0.410780
9328.155000 0.410714
9328.912000 0.410647
9329.669000 0.410581
9330.426000 0.410500
9331.183000 0.410407
9331.940000 0.410315
9332.697000 0.410222
9333.454000 0.410129
9334.211000 0.410037
9334.969000 0.409944
9335.726000 0.409851
9336.483000 0.409758
9337.240000 0.409665
9337.998000 0.409573
9338.756000 0.409479
9339.513000 0.409387
9340.271000 0.409303
9341.028000 0.409236
9341.786000 0.409169
9342.544000 0.409102
9343.302000 0.409075
9344.060000 0.409049
9344.817000 0.409023
9345.576000 0.408997
9346.334000 0.408971
9347.092000 0.408945
9347.851000 0.408919
9348.608000 0.408893
9349.367000 0.408867
9350.126000 0.408836
9350.884000 0.408784
9351.643000 0.408732
9352.401000 0.408679
9353.160000 0.408627
9353.919000 0.408575
9354.678000 0.408523
9355.437000 0.408470
9356.195000 0.408418
9356.954000 0.408365
9357.714000 0.408313
9358.473000 0.408260
9359.231000 0.408208
9359.991000 0.408155
9360.750000 0.408128
9361.510000 0.408102
9362.270000 0.408076
9363.028000 0.408145
9363.788000 0.408277
9364.548000 0.408410
9365.308000 0.408542
9366.067000 0.408674
9366.827000 0.408807
9367.587000 0.408939
9368.347000 0.409071
9369.106000 0.409204
9369.867000 0.409337
9370.627000 0.409448
9371.387000 0.409554
9372.147000 0.409660
9372.907000 0.409766
9373.668000 0.409873
9374.429000 0.409979
9375.188000 0.410086
9375.949000 0.410192
9376.710000 0.410299
9377.471000 0.410405
9378.231000 0.410512
9378.992000 0.410618
9379.753000 0.410725
9380.514000 0.410849
9381.275000 0.410982
9382.036000 0.411115
9382.797000 0.411281
9383.559000 0.411526
9384.319000 0.411770
9385.081000 0.412015
9385.842000 0.412260
9386.604000 0.412505
9387.365000 0.412750
9388.126000 0.412995
9388.888000 0.413240
9389.649000 0.413485
9390.411000 0.413730
9391.173000 0.413976
9391.935000 0.414221
9392.697000 0.414467
9393.459000 0.414713
9394.221000 0.414959
9394.983000 0.415205
9395.745000 0.415451
9396.507000 0.415697
9397.270000 0.415943
9398.032000 0.416189
9398.794000 0.416435
9399.557000 0.416682
9400.319000 0.416905
9401.082000 0.417094
9401.845000 0.417284
9402.607000 0.417476
9403.370000 0.417708
9404.133000 0.417939
9404.896000 0.418171
9405.658000 0.418403
9406.422000 0.418635
9407.185000 0.418867
9407.948000 0.419099
9408.711000 0.419331
9409.475000 0.419563
9410.237000 0.419803
9411.001000 0.420063
9411.765000 0.420322
9412.528000 0.420581
9413.291000 0.420840
9414.055000 0.421099
9414.818000 0.421359
9415.583000 0.421619
9416.347000 0.421878
9417.110000 0.422138
9417.874000 0.422397
9418.639000 0.422657
9419.402000 0.422917
9420.166000 0.423171
9420.931000 0.423404
9421.695000 0.423637
9422.459000 0.423869
9423.224000 0.423987
9423.988000 0.424082
9424.753000 0.424177
9425.517000 0.424272
9426.281000 0.424367
9427.046000 0.424462
9427.812000 0.424558
9428.576000 0.424653
9429.341000 0.424748
9430.105000 0.424849
9430.871000 0.424990
9431.636000 0.425131
9432.400000 0.425272
9433.166000 0.425413
9433.932000 0.425554
9434.696000 0.425694
9435.462000 0.425835
9436.228000 0.425976
9436.993000 0.426117
9437.759000 0.426258
9438.524000 0.426400
9439.290000 0.426541
9440.056000 0.426680
9440.821000 0.426794
9441.587000 0.426907
9442.353000 0.427021
9443.119000 0.427025
9443.885000 0.426980
9444.651000 0.426935
9445.417000 0.426890
9446.184000 0.426846
9446.950000 0.426801
9447.716000 0.426756
9448.482000 0.426711
9449.249000 0.426666
9450.016000 0.426621
9450.782000 0.426604
9451.549000 0.426586
9452.315000 0.426569
9453.082000 0.426551
9453.850000 0.426534
9454.616000 0.426516
9455.383000 0.426499
9456.150000 0.426481
9456.917000 0.426463
9457.685000 0.426446
9458.452000 0.426428
9459.219000 0.426411
9459.986000 0.426393
9460.754000 0.426375
9461.521000 0.426357
9462.289000 0.426339
9463.057000 0.426241
9463.824000 0.426089
9464.592000 0.425938
9465.359000 0.425786
9466.128000 0.425633
9466.896000 0.425482
9467.663000 0.425329
9468.432000 0.425177
9469.199000 0.425025
9469.968000 0.424873
9470.736000 0.424694
9471.504000 0.424514
9472.272000 0.424334
9473.041000 0.424154
9473.810000 0.423973
9474.578000 0.423793
9475.347000 0.423613
9476.115000 0.423432
9476.884000 0.423252
9477.652000 0.423072
9478.422000 0.422891
9479.190000 0.422711
9479.960000 0.422530
9480.729000 0.422375
9481.498000 0.422222
9482.267000 0.422069
9483.036000 0.421942
9483.806000 0.421836
9484.575000 0.421730
9485.344000 0.421625
9486.113000 0.421519
9486.883000 0.421413
9487.652000 0.421306
9488.423000 0.421200
9489.192000 0.421094
9489.962000 0.420988
9490.731000 0.420882
9491.502000 0.420775
9492.271000 0.420669
9493.042000 0.420562
9493.812000 0.420456
9494.582000 0.420349
9495.353000 0.420242
9496.122000 0.420136
9496.893000 0.420029
9497.663000 0.419922
9498.434000 0.419815
9499.204000 0.419708
9499.975000 0.419601
9500.745000 0.419463
9501.517000 0.419323
9502.287000 0.419184
9503.058000 0.419108
9503.829000 0.419078
9504.600000 0.419048
9505.371000 0.419018
9506.142000 0.418988
9506.913000 0.418958
9507.685000 0.418928
9508.456000 0.418898
9509.227000 0.418868
9509.998000 0.418837
9510.770000 0.418835
9511.541000 0.418832
9512.313000 0.418829
9513.085000 0.418826
9513.856000 0.418823
9514.628000 0.418820
9515.400000 0.418817
9516.172000 0.418814
9516.944000 0.418811
9517.716000 0.418807
9518.488000 0.418805
9519.260000 0.418801
9520.032000 0.418797
9520.805000 0.418767
9521.577000 0.418736
9522.350000 0.418706
9523.122000 0.418762
9523.895000 0.418864
9524.667000 0.418966
9525.439000 0.419068
9526.213000 0.419170
9526.985000 0.419272
9527.758000 0.419374
9528.531000 0.419476
9529.304000 0.419578
9530.077000 0.419683
9530.851000 0.419813
9531.623000 0.419942
9532.396000 0.420071
9533.170000 0.420201
9533.943000 0.420330
9534.717000 0.420460
9535.490000 0.420590
9536.264000 0.420719
9537.037000 0.420849
9537.811000 0.420978
9538.585000 0.421108
9539.358000 0.421238
9540.132000 0.421368
9540.906000 0.421498
9541.680000 0.421627
9542.454000 0.421757
9543.229000 0.421901
9544.003000 0.422048
9544.776000 0.422195
9545.551000 0.422342
9546.325000 0.422489
9547.100000 0.422636
9547.874000 0.422783
9548.648000 0.422931
9549.424000 0.423078
9550.198000 0.423219
9550.973000 0.423338
9551.748000 0.423458
9552.522000 0.423577
9553.298000 0.423697
9554.072000 0.423816
9554.848000 0.423936
9555.623000 0.424055
9556.397000 0.424175
9557.173000 0.424295
9557.948000 0.424414
9558.724000 0.424534
9559.499000 0.424654
9560.274000 0.424783
9561.050000 0.424931
9561.826000 0.425078
9562.602000 0.425226
9563.377000 0.425319
9564.153000 0.425412
9564.929000 0.425504
9565.705000 0.425596
9566.480000 0.425688
9567.257000 0.425780
9568.033000 0.425872
9568.810000 0.425964
9569.585000 0.426057
9570.361000 0.426149
9571.138000 0.426241
9571.914000 0.426333
9572.691000 0.426425
9573.468000 0.426517
9574.244000 0.426609
9575.021000 0.426701
9575.798000 0.426793
9576.574000 0.426886
9577.352000 0.426978
9578.128000 0.427070
9578.905000 0.427162
9579.683000 0.427255
9580.459000 0.427330
9581.236000 0.427394
9582.014000 0.427458
9582.791000 0.427490
9583.568000 0.427402
9584.346000 0.427314
9585.124000 0.427226
9585.901000 0.427138
9586.679000 0.427050
9587.456000 0.426962
9588.234000 0.426874
9589.012000 0.426786
9589.790000 0.426698
9590.567000 0.426630
9591.346000 0.426570
9592.124000 0.426510
9592.902000 0.426449
9593.681000 0.426389
9594.459000 0.426329
9595.237000 0.426268
9596.016000 0.426208
9596.794000 0.426147
9597.572000 0.426087
9598.351000 0.426026
9599.130000 0.425966
9599.908000 0.425905
9600.687000 0.425834
9601.466000 0.425761
9602.245000 0.425688
9603.023000 0.425573
9603.803000 0.425418
9604.582000 0.425262
9605.361000 0.425107
9606.140000 0.424951
9606.919000 0.424796
9607.698000 0.424640
9608.479000 0.424484
9609.258000 0.424328
9610.037000 0.424171
9610.816000 0.423987
9611.597000 0.423802
9612.376000 0.423618
9613.156000 0.423434
9613.936000 0.423250
9614.716000 0.423065
9615.495000 0.422881
9616.275000 0.422696
9617.056000 0.422512
9617.836000 0.422327
9618.616000 0.422143
9619.396000 0.421958
9620.177000 0.421780
9620.957000 0.421623
9621.737000 0.421466
9622.519000 0.421309
9623.299000 0.421164
9624.079000 0.421020
9624.860000 0.420877
9625.641000 0.420734
9626.422000 0.420591
9627.203000 0.420448
9627.983000 0.420305
9628.765000 0.420161
9629.546000 0.420018
9630.327000 0.419880
9631.108000 0.419749
9631.890000 0.419619
9632.671000 0.419488
9633.452000 0.419357
9634.233000 0.419226
9635.016000 0.419095
9635.797000 0.418965
9636.579000 0.418834
9637.360000 0.418703
9638.143000 0.418571
9638.924000 0.418440
9639.706000 0.418309
9640.488000 0.418160
9641.271000 0.418001
9642.052000 0.417842
9642.834000 0.417715
9643.616000 0.417690
9644.399000 0.417665
9645.182000 0.417640
9645.964000 0.417615
9646.746000 0.417590
9647.529000 0.417564
9648.312000 0.417539
9649.094000 0.417514
9649.877000 0.417489
9650.660000 0.417487
9651.442000 0.417489
9652.226000 0.417492
9653.009000 0.417494
9653.792000 0.417496
9654.575000 0.417499
9655.358000 0.417501
9656.142000 0.417504
9656.925000 0.417506
9657.708000 0.417508
9658.491000 0.417511
9659.275000 0.417513
9660.059000 0.417515
9660.842000 0.417517
9661.626000 0.417519
9662.410000 0.417521
9663.193000 0.417629
9663.978000 0.417784
9664.762000 0.417939
9665.546000 0.418094
9666.329000 0.418248
9667.113000 0.418403
9667.897000 0.418558
9668.683000 0.418713
9669.467000 0.418868
9670.251000 0.419015
9671.035000 0.419141
9671.820000 0.419268
9672.604000 0.419395
9673.390000 0.419522
9674.174000 0.419649
9674.959000 0.419776
9675.743000 0.419903
9676.528000 0.420030
9677.313000 0.420157
9678.099000 0.420284
9678.884000 0.420411
9679.669000 0.420538
9680.454000 0.420681
9681.239000 0.420836
9682.024000 0.420991
9682.811000 0.421168
9683.596000 0.421434
9684.381000 0.421699
9685.167000 0.421965
9685.952000 0.422231
9686.738000 0.422497
9687.524000 0.422764
9688.310000 0.423029
9689.096000 0.423296
9689.882000 0.423562
9690.668000 0.423828
9691.454000 0.424094
9692.240000 0.424361
9693.026000 0.424627
9693.813000 0.424893
9694.600000 0.425160
9695.386000 0.425426
9696.172000 0.425693
9696.959000 0.425960
9697.745000 0.426226
9698.532000 0.426493
9699.319000 0.426760
9700.105000 0.427023
9700.893000 0.427262
9701.680000 0.427500
9702.467000 0.427738
9703.254000 0.427956
9704.041000 0.428167
9704.828000 0.428379
9705.615000 0.428590
9706.402000 0.428801
9707.190000 0.429013
9707.978000 0.429225
9708.766000 0.429436
9709.553000 0.429648
9710.341000 0.429872
9711.128000 0.430112
9711.916000 0.430352
9712.704000 0.430593
9713.492000 0.430833
9714.279000 0.431073
9715.067000 0.431314
9715.855000 0.431554
9716.644000 0.431795
9717.433000 0.432036
9718.221000 0.432277
9719.009000 0.432517
9719.798000 0.432758
9720.586000 0.432999
9721.374000 0.433239
9722.163000 0.433480
9722.952000 0.433690
9723.740000 0.433844
9724.529000 0.433999
9725.318000 0.434153
9726.107000 0.434308
9726.896000 0.434462
9727.686000 0.434617
9728.475000 0.434771
9729.264000 0.434926
9730.053000 0.435078
9730.842000 0.435204
9731.632000 0.435329
9732.421000 0.435454
9733.211000 0.435579
9734.000000 0.435704
9734.790000 0.435830
9735.579000 0.435955
9736.369000 0.436080
9737.159000 0.436205
9737.949000 0.436330
9738.739000 0.436456
9739.529000 0.436581
9740.319000 0.436718
9741.109000 0.436872
9741.899000 0.437027
9742.689000 0.437179
9743.480000 0.437223
9744.271000 0.437267
9745.061000 0.437311
9745.852000 0.437355
9746.642000 0.437399
9747.433000 0.437443
9748.224000 0.437487
9749.015000 0.437531
9749.805000 0.437575
9750.596000 0.437619
9751.387000 0.437662
9752.178000 0.437706
9752.970000 0.437750
9753.761000 0.437794
9754.552000 0.437837
9755.343000 0.437881
9756.135000 0.437925
9756.926000 0.437969
9757.718000 0.438012
9758.509000 0.438056
9759.301000 0.438100
9760.092000 0.438143
9760.884000 0.438187
9761.676000 0.438230
9762.468000 0.438273
9763.260000 0.438318
9764.052000 0.438363
9764.844000 0.438409
9765.636000 0.438454
9766.428000 0.438499
9767.221000 0.438544
9768.013000 0.438589
9768.805000 0.438634
9769.598000 0.438680
9770.391000 0.438710
9771.183000 0.438725
9771.976000 0.438740
9772.769000 0.438756
9773.561000 0.438771
9774.354000 0.438786
9775.146000 0.438801
9775.939000 0.438816
9776.732000 0.438831
9777.525000 0.438846
9778.319000 0.438861
9779.112000 0.438876
9779.905000 0.438891
9780.699000 0.438932
9781.492000 0.438976
9782.286000 0.439021
9783.079000 0.439082
9783.873000 0.439159
9784.667000 0.439236
9785.461000 0.439313
9786.254000 0.439391
9787.048000 0.439468
9787.842000 0.439545
9788.636000 0.439623
9789.431000 0.439700
9790.225000 0.439777
9791.019000 0.439854
9791.813000 0.439931
9792.607000 0.440008
9793.401000 0.440085
9794.196000 0.440162
9794.990000 0.440239
9795.785000 0.440316
9796.580000 0.440393
9797.375000 0.440470
9798.169000 0.440547
9798.964000 0.440624
9799.759000 0.440701
9800.554000 0.440765
9801.350000 0.440823
9802.145000 0.440882
9802.939000 0.440979
9803.734000 0.441160
9804.530000 0.441341
9805.325000 0.441523
9806.121000 0.441704
9806.916000 0.441886
9807.712000 0.442067
9808.508000 0.442249
9809.303000 0.442430
9810.099000 0.442608
9810.895000 0.442759
9811.690000 0.442910
9812.486000 0.443061
9813.282000 0.443212
9814.079000 0.443363
9814.875000 0.443514
9815.671000 0.443665
9816.468000 0.443817
9817.264000 0.443968
9818.061000 0.444119
9818.856000 0.444270
9819.653000 0.444421
9820.449000 0.444589
9821.246000 0.444770
9822.043000 0.444951
9822.840000 0.445144
9823.637000 0.445393
9824.434000 0.445642
9825.230000 0.445892
9826.027000 0.446141
9826.825000 0.446390
9827.622000 0.446640
9828.419000 0.446889
9829.217000 0.447138
9830.014000 0.447388
9830.812000 0.447655
9831.608000 0.447923
9832.406000 0.448190
9833.204000 0.448458
9834.002000 0.448725
9834.800000 0.448993
9835.598000 0.449261
9836.396000 0.449529
9837.193000 0.449797
9837.991000 0.450065
9838.789000 0.450333
9839.587000 0.450601
9840.386000 0.450869
9841.184000 0.451136
9841.982000 0.451404
9842.780000 0.451669
9843.579000 0.451909
9844.378000 0.452150
9845.176000 0.452390
9845.975000 0.452630
9846.773000 0.452871
9847.572000 0.453112
9848.371000 0.453352
9849.170000 0.453593
9849.969000 0.453834
9850.769000 0.454044
9851.567000 0.454253
9852.366000 0.454462
9853.166000 0.454672
9853.965000 0.454881
9854.765000 0.455090
9855.563000 0.455300
9856.363000 0.455509
9857.163000 0.455719
9857.963000 0.455928
9858.763000 0.456138
9859.562000 0.456347
9860.362000 0.456571
9861.162000 0.456811
9861.962000 0.457051
9862.762000 0.457281
9863.562000 0.457377
9864.362000 0.457472
9865.162000 0.457568
9865.963000 0.457664
9866.763000 0.457760
9867.563000 0.457856
9868.364000 0.457952
9869.164000 0.458047
9869.965000 0.458143
9870.766000 0.458239
9871.566000 0.458334
9872.367000 0.458429
9873.168000 0.458525
9873.969000 0.458620
9874.770000 0.458715
9875.571000 0.458811
9876.372000 0.458906
9877.174000 0.459002
9877.975000 0.459097
9878.776000 0.459193
9879.577000 0.459288
9880.379000 0.459384
9881.181000 0.459479
9881.981000 0.459574
9882.783000 0.459652
9883.585000 0.459564
9884.387000 0.459476
9885.188000 0.459389
9885.991000 0.459301
9886.793000 0.459213
9887.595000 0.459126
9888.396000 0.459038
9889.199000 0.458950
9890.001000 0.458862
9890.804000 0.458742
9891.606000 0.458622
9892.408000 0.458502
9893.211000 0.458382
9894.014000 0.458262
9894.816000 0.458141
9895.619000 0.458021
9896.422000 0.457901
9897.225000 0.457781
9898.027000 0.457661
9898.830000 0.457541
9899.633000 0.457421
9900.437000 0.457317
9901.239000 0.457228
9902.043000 0.457138
9902.846000 0.457028
9903.649000 0.456815
9904.453000 0.456602
9905.256000 0.456389
9906.060000 0.456176
9906.863000 0.455963
9907.667000 0.455749
9908.471000 0.455536
9909.274000 0.455322
9910.078000 0.455109
9910.883000 0.454894
9911.687000 0.454680
9912.490000 0.454466
9913.295000 0.454251
9914.099000 0.454037
9914.903000 0.453822
9915.707000 0.453607
9916.512000 0.453393
9917.316000 0.453178
9918.121000 0.452963
9918.925000 0.452748
9919.729000 0.452533
9920.534000 0.452318
9921.340000 0.452102
9922.145000 0.451886
9922.949000 0.451678
9923.754000 0.451493
9924.560000 0.451306
9925.364000 0.451121
9926.170000 0.450934
9926.975000 0.450748
9927.780000 0.450562
9928.585000 0.450376
9929.391000 0.450190
9930.196000 0.450003
9931.002000 0.449816
9931.808000 0.449629
9932.613000 0.449442
9933.419000 0.449254
9934.225000 0.449067
9935.030000 0.448880
9935.837000 0.448692
9936.643000 0.448505
9937.448000 0.448317
9938.255000 0.448130
9939.062000 0.447942
9939.867000 0.447754
9940.674000 0.447540
9941.480000 0.447321
9942.286000 0.447101
9943.093000 0.446916
9943.899000 0.446773
9944.706000 0.446629
9945.513000 0.446485
9946.320000 0.446340
9947.127000 0.446196
9947.934000 0.446052
9948.741000 0.445908
9949.548000 0.445764
9950.354000 0.445633
9951.162000 0.445519
9951.970000 0.445405
9952.776000 0.445291
9953.584000 0.445176
9954.392000 0.445062
9955.199000 0.444948
9956.007000 0.444833
9956.814000 0.444719
9957.622000 0.444605
9958.430000 0.444490
9959.237000 0.444376
9960.046000 0.444261
9960.854000 0.444146
9961.662000 0.444031
9962.470000 0.443915
9963.278000 0.443899
9964.086000 0.443929
9964.895000 0.443960
9965.703000 0.443990
9966.512000 0.444021
9967.320000 0.444051
9968.129000 0.444082
9968.937000 0.444112
9969.746000 0.444142
9970.555000 0.444173
9971.363000 0.444202
9972.172000 0.444232
9972.981000 0.444262
9973.790000 0.444292
9974.600000 0.444322
9975.408000 0.444352
9976.218000 0.444381
9977.027000 0.444411
9977.837000 0.444441
9978.646000 0.444471
9979.455000 0.444501
9980.265000 0.444530
9981.074000 0.444559
9981.884000 0.444588
9982.694000 0.444618
9983.504000 0.444704
9984.313000 0.444794
9985.124000 0.444884
9985.934000 0.444974
9986.744000 0.445064
9987.554000 0.445154
9988.364000 0.445244
9989.175000 0.445334
9989.984000 0.445424
9990.795000 0.445483
9991.605000 0.445542
9992.416000 0.445600
9993.227000 0.445659
9994.037000 0.445717
9994.849000 0.445776
9995.659000 0.445834
9996.470000 0.445893
9997.281000 0.445951
9998.092000 0.446010
9998.903000 0.446068
9999.714000 0.446126
10000.530000 0.446218
10001.340000 0.446327
10002.150000 0.446436
10002.960000 0.446556
10003.770000 0.446705
10004.580000 0.446855
10005.390000 0.447004
10006.210000 0.447154
10007.020000 0.447303
10007.830000 0.447453
10008.640000 0.447603
10009.450000 0.447752
10010.260000 0.447902
10011.080000 0.448051
10011.890000 0.448200
10012.700000 0.448349
10013.510000 0.448499
10014.330000 0.448648
10015.140000 0.448797
10015.950000 0.448946
10016.760000 0.449096
10017.580000 0.449245
10018.390000 0.449395
10019.200000 0.449544
10020.010000 0.449694
10020.830000 0.449843
10021.640000 0.449992
10022.450000 0.450141
10023.270000 0.450226
10024.080000 0.450276
10024.890000 0.450325
10025.710000 0.450375
10026.520000 0.450424
10027.330000 0.450474
10028.150000 0.450523
10028.960000 0.450572
10029.770000 0.450622
10030.590000 0.450671
10031.400000 0.450720
10032.210000 0.450769
10033.030000 0.450818
10033.840000 0.450866
10034.660000 0.450915
10035.470000 0.450964
10036.280000 0.451013
10037.100000 0.451062
10037.910000 0.451111
10038.730000 0.451160
10039.540000 0.451209
10040.350000 0.451244
10041.170000 0.451261
10041.980000 0.451278
10042.800000 0.451287
10043.610000 0.451167
10044.430000 0.451047
10045.240000 0.450927
10046.060000 0.450807
10046.870000 0.450687
10047.690000 0.450566
10048.500000 0.450446
10049.320000 0.450326
10050.130000 0.450211
10050.950000 0.450122
10051.760000 0.450033
10052.580000 0.449943
10053.390000 0.449854
10054.210000 0.449764
10055.030000 0.449674
10055.840000 0.449585
10056.660000 0.449495
10057.470000 0.449406
10058.290000 0.449316
10059.110000 0.449226
10059.920000 0.449137
10060.740000 0.449047
10061.550000 0.448956
10062.370000 0.448866
10063.190000 0.448726
10064.000000 0.448543
10064.820000 0.448360
10065.630000 0.448176
10066.450000 0.447992
10067.270000 0.447808
10068.080000 0.447625
10068.900000 0.447441
10069.720000 0.447257
10070.540000 0.447073
10071.350000 0.446888
10072.170000 0.446703
10072.990000 0.446518
10073.800000 0.446334
10074.620000 0.446149
10075.440000 0.445964
10076.260000 0.445779
10077.070000 0.445594
10077.890000 0.445408
10078.710000 0.445223
10079.530000 0.445038
10080.340000 0.444853
10081.160000 0.444666
10081.980000 0.444481
10082.800000 0.444296
10083.610000 0.444149
10084.430000 0.444001
10085.250000 0.443854
10086.070000 0.443707
10086.890000 0.443559
10087.710000 0.443411
10088.520000 0.443264
10089.340000 0.443116
10090.160000 0.442968
10090.980000 0.442820
10091.800000 0.442672
10092.620000 0.442523
10093.430000 0.442375
10094.250000 0.442226
10095.070000 0.442078
10095.890000 0.441929
10096.710000 0.441780
10097.530000 0.441632
10098.350000 0.441483
10099.170000 0.441334
10099.990000 0.441185
10100.810000 0.441036
10101.630000 0.440886
10102.450000 0.440736
10103.260000 0.440599
10104.080000 0.440468
10104.900000 0.440338
10105.720000 0.440208
10106.540000 0.440077
10107.360000 0.439947
10108.180000 0.439816
10109.000000 0.439686
10109.820000 0.439556
10110.640000 0.439400
10111.460000 0.439238
10112.280000 0.439076
10113.100000 0.438914
10113.920000 0.438752
10114.750000 0.438590
10115.570000 0.438428
10116.390000 0.438265
10117.210000 0.438103
10118.030000 0.437941
10118.850000 0.437778
10119.670000 0.437616
10120.490000 0.437472
10121.310000 0.437340
10122.130000 0.437208
10122.950000 0.437110
10123.780000 0.437134
10124.600000 0.437159
10125.420000 0.437184
10126.240000 0.437208
10127.060000 0.437233
10127.880000 0.437258
10128.700000 0.437283
10129.530000 0.437307
10130.350000 0.437332
10131.170000 0.437356
10131.990000 0.437381
10132.810000 0.437405
10133.630000 0.437429
10134.460000 0.437453
10135.280000 0.437477
10136.100000 0.437501
10136.920000 0.437526
10137.750000 0.437550
10138.570000 0.437574
10139.390000 0.437598
10140.210000 0.437623
10141.040000 0.437646
10141.860000 0.437670
10142.680000 0.437694
10143.500000 0.437813
10144.330000 0.437945
10145.150000 0.438077
10145.970000 0.438210
10146.800000 0.438342
10147.620000 0.438474
10148.440000 0.438607
10149.270000 0.438739
10150.090000 0.438872
10150.910000 0.439003
10151.740000 0.439136
10152.560000 0.439268
10153.380000 0.439400
10154.210000 0.439532
10155.030000 0.439664
10155.850000 0.439796
10156.680000 0.439929
10157.500000 0.440061
10158.330000 0.440193
10159.150000 0.440326
10159.970000 0.440458
10160.800000 0.440590
10161.620000 0.440722
10162.450000 0.440854
10163.270000 0.441008
10164.100000 0.441178
10164.920000 0.441348
10165.750000 0.441518
10166.570000 0.441688
10167.390000 0.441858
10168.220000 0.442027
10169.040000 0.442197
10169.870000 0.442367
10170.690000 0.442537
10171.520000 0.442707
10172.340000 0.442876
10173.170000 0.443046
10173.990000 0.443216
10174.820000 0.443385
10175.650000 0.443555
10176.470000 0.443725
10177.300000 0.443895
10178.120000 0.444065
10178.950000 0.444235
10179.770000 0.444405
10180.600000 0.444552
10181.420000 0.444690
10182.250000 0.444829
10183.080000 0.444954
10183.900000 0.445057
10184.730000 0.445159
10185.560000 0.445262
10186.380000 0.445364
10187.210000 0.445467
10188.030000 0.445570
10188.860000 0.445672
10189.690000 0.445775
10190.510000 0.445896
10191.340000 0.446030
10192.170000 0.446164
10192.990000 0.446298
10193.820000 0.446432
10194.650000 0.446566
10195.470000 0.446699
10196.300000 0.446833
10197.130000 0.446967
10197.960000 0.447101
10198.780000 0.447235
10199.610000 0.447369
10200.440000 0.447505
10201.270000 0.447641
10202.090000 0.447777
10202.920000 0.447907
10203.750000 0.447999
10204.580000 0.448091
10205.400000 0.448184
10206.230000 0.448276
10207.060000 0.448369
10207.890000 0.448461
10208.720000 0.448554
10209.540000 0.448646
10210.370000 0.448738
10211.200000 0.448831
10212.030000 0.448923
10212.860000 0.449015
10213.690000 0.449107
10214.510000 0.449199
10215.340000 0.449292
10216.170000 0.449384
10217.000000 0.449476
10217.830000 0.449569
10218.660000 0.449661
10219.490000 0.449753
10220.320000 0.449846
10221.150000 0.449938
10221.970000 0.450030
10222.800000 0.450121
10223.630000 0.450145
10224.460000 0.450169
10225.290000 0.450193
10226.120000 0.450216
10226.950000 0.450240
10227.780000 0.450264
10228.610000 0.450288
10229.440000 0.450312
10230.270000 0.450335
10231.100000 0.450359
10231.930000 0.450382
10232.760000 0.450405
10233.590000 0.450429
10234.420000 0.450452
10235.250000 0.450475
10236.080000 0.450499
10236.910000 0.450522
10237.740000 0.450545
10238.570000 0.450569
10239.400000 0.450592
10240.230000 0.450615
10241.060000 0.450638
10241.900000 0.450661
10242.730000 0.450684
10243.560000 0.450725
10244.390000 0.450769
10245.220000 0.450811
10246.050000 0.450855
10246.880000 0.450898
10247.710000 0.450941
10248.540000 0.450984
10249.380000 0.451027
10250.210000 0.451070
10251.040000 0.451113
10251.870000 0.451156
10252.700000 0.451199
10253.530000 0.451241
10254.370000 0.451284
10255.200000 0.451327
10256.030000 0.451370
10256.860000 0.451413
10257.690000 0.451456
10258.520000 0.451498
10259.360000 0.451541
10260.190000 0.451584
10261.020000 0.451626
10261.850000 0.451669
10262.690000 0.451711
10263.520000 0.451807
10264.350000 0.451912
10265.180000 0.452018
10266.020000 0.452123
10266.850000 0.452228
10267.680000 0.452334
10268.520000 0.452439
10269.350000 0.452544
10270.180000 0.452650
10271.010000 0.452755
10271.850000 0.452860
10272.680000 0.452965
10273.510000 0.453070
10274.350000 0.453176
10275.180000 0.453281
10276.020000 0.453386
10276.850000 0.453491
10277.680000 0.453596
10278.520000 0.453702
10279.350000 0.453807
10280.180000 0.453905
10281.020000 0.453977
10281.850000 0.454050
10282.690000 0.454122
10283.520000 0.454294
10284.350000 0.454485
10285.190000 0.454675
10286.020000 0.454866
10286.860000 0.455056
10287.690000 0.455247
10288.530000 0.455437
10289.360000 0.455628
10290.200000 0.455827
10291.030000 0.456049
10291.870000 0.456273
10292.700000 0.456496
10293.540000 0.456719
10294.370000 0.456942
10295.210000 0.457165
10296.040000 0.457389
10296.880000 0.457612
10297.710000 0.457836
10298.550000 0.458060
10299.380000 0.458283
10300.220000 0.458507
10301.050000 0.458730
10301.890000 0.458954
10302.720000 0.459177
10303.560000 0.459485
10304.400000 0.459805
10305.230000 0.460125
10306.070000 0.460445
10306.900000 0.460765
10307.740000 0.461084
10308.580000 0.461404
10309.410000 0.461725
10310.250000 0.462045
10311.080000 0.462365
10311.920000 0.462685
10312.760000 0.463005
10313.590000 0.463325
10314.430000 0.463645
10315.270000 0.463966
10316.110000 0.464287
10316.940000 0.464607
10317.780000 0.464928
10318.620000 0.465249
10319.450000 0.465569
10320.290000 0.465890
10321.130000 0.466211
10321.960000 0.466531
10322.800000 0.466852
10323.640000 0.467211
10324.480000 0.467571
10325.310000 0.467931
10326.150000 0.468291
10326.990000 0.468651
10327.830000 0.469011
10328.670000 0.469372
10329.500000 0.469732
10330.340000 0.470093
10331.180000 0.470453
10332.020000 0.470814
10332.860000 0.471174
10333.690000 0.471535
10334.530000 0.471896
10335.370000 0.472256
10336.210000 0.472618
10337.050000 0.472978
10337.890000 0.473340
10338.720000 0.473701
10339.560000 0.474062
10340.400000 0.474424
10341.240000 0.474785
10342.080000 0.475146
10342.920000 0.475498
10343.760000 0.475762
10344.600000 0.476027
10345.440000 0.476292
10346.280000 0.476557
10347.110000 0.476822
10347.950000 0.477087
10348.790000 0.477352
10349.630000 0.477617
10350.470000 0.477883
10351.310000 0.478148
10352.150000 0.478412
10352.990000 0.478678
10353.830000 0.478943
10354.670000 0.479208
10355.510000 0.479474
10356.350000 0.479739
10357.190000 0.480004
10358.030000 0.480270
10358.870000 0.480536
10359.710000 0.480801
10360.550000 0.481067
10361.390000 0.481332
10362.230000 0.481598
10363.070000 0.481837
10363.920000 0.482007
10364.760000 0.482178
10365.600000 0.482349
10366.440000 0.482519
10367.280000 0.482690
10368.120000 0.482861
10368.960000 0.483031
10369.800000 0.483202
10370.640000 0.483373
10371.480000 0.483543
10372.330000 0.483714
10373.170000 0.483884
10374.010000 0.484055
10374.850000 0.484226
10375.690000 0.484397
10376.530000 0.484567
10377.370000 0.484738
10378.220000 0.484909
10379.060000 0.485080
10379.900000 0.485251
10380.740000 0.485422
10381.580000 0.485592
10382.430000 0.485763
10383.270000 0.485861
10384.110000 0.485886
10384.950000 0.485912
10385.800000 0.485937
10386.640000 0.485963
10387.480000 0.485988
10388.320000 0.486013
10389.170000 0.486039
10390.010000 0.486064
10390.850000 0.486089
10391.700000 0.486114
10392.540000 0.486140
10393.380000 0.486165
10394.220000 0.486190
10395.070000 0.486215
10395.910000 0.486240
10396.750000 0.486265
10397.600000 0.486290
10398.440000 0.486316
10399.290000 0.486341
10400.130000 0.486366
10400.970000 0.486392
10401.820000 0.486418
10402.660000 0.486445
10403.500000 0.486363
10404.350000 0.486249
10405.190000 0.486136
10406.040000 0.486022
10406.880000 0.485909
10407.720000 0.485795
10408.570000 0.485681
10409.410000 0.485568
10410.260000 0.485454
10411.100000 0.485340
10411.950000 0.485226
10412.790000 0.485112
10413.640000 0.484997
10414.480000 0.484883
10415.330000 0.484769
10416.170000 0.484655
10417.020000 0.484540
10417.860000 0.484426
10418.710000 0.484312
10419.550000 0.484197
10420.400000 0.484083
10421.240000 0.483968
10422.090000 0.483853
10422.930000 0.483739
10423.780000 0.483639
10424.620000 0.483539
10425.470000 0.483439
10426.320000 0.483338
10427.160000 0.483238
10428.010000 0.483137
10428.850000 0.483037
10429.700000 0.482937
10430.540000 0.482836
10431.390000 0.482735
10432.240000 0.482634
10433.080000 0.482534
10433.930000 0.482433
10434.780000 0.482332
10435.620000 0.482231
10436.470000 0.482130
10437.320000 0.482029
10438.160000 0.481928
10439.010000 0.481827
10439.860000 0.481725
10440.700000 0.481624
10441.550000 0.481523
10442.400000 0.481421
10443.240000 0.481331
10444.090000 0.481255
10444.940000 0.481179
10445.790000 0.481102
10446.630000 0.481026
10447.480000 0.480950
10448.330000 0.480873
10449.180000 0.480797
10450.020000 0.480719
10450.870000 0.480608
10451.720000 0.480496
10452.570000 0.480384
10453.420000 0.480272
10454.260000 0.480160
10455.110000 0.480048
10455.960000 0.479936
10456.810000 0.479824
10457.660000 0.479712
10458.500000 0.479600
10459.350000 0.479488
10460.200000 0.479384
10461.050000 0.479307
10461.900000 0.479230
10462.750000 0.479153
10463.600000 0.479173
10464.440000 0.479210
10465.290000 0.479247
10466.140000 0.479284
10466.990000 0.479320
10467.840000 0.479357
10468.690000 0.479394
10469.540000 0.479431
10470.390000 0.479467
10471.240000 0.479504
10472.090000 0.479541
10472.940000 0.479577
10473.790000 0.479614
10474.640000 0.479650
10475.490000 0.479687
10476.330000 0.479724
10477.190000 0.479760
10478.040000 0.479797
10478.880000 0.479834
10479.740000 0.479870
10480.580000 0.479907
10481.440000 0.479943
10482.290000 0.479980
10483.140000 0.480039
10483.990000 0.480150
10484.840000 0.480261
10485.690000 0.480371
10486.540000 0.480482
10487.390000 0.480593
10488.240000 0.480704
10489.090000 0.480814
10489.940000 0.480926
10490.790000 0.481036
10491.640000 0.481147
10492.490000 0.481258
10493.350000 0.481368
10494.200000 0.481479
10495.050000 0.481590
10495.900000 0.481701
10496.750000 0.481812
10497.600000 0.481922
10498.450000 0.482033
10499.310000 0.482144
10500.160000 0.482249
10501.010000 0.482327
10501.860000 0.482404
10502.710000 0.482482
10503.570000 0.482572
10504.420000 0.482664
10505.270000 0.482757
10506.120000 0.482849
10506.970000 0.482942
10507.830000 0.483034
10508.680000 0.483127
10509.530000 0.483220
10510.380000 0.483312
10511.240000 0.483405
10512.090000 0.483497
10512.940000 0.483590
10513.790000 0.483682
10514.650000 0.483775
10515.500000 0.483868
10516.350000 0.483960
10517.210000 0.484053
10518.060000 0.484145
10518.910000 0.484238
10519.770000 0.484331
10520.620000 0.484423
10521.470000 0.484516
10522.330000 0.484608
10523.180000 0.484694
10524.030000 0.484767
10524.890000 0.484840
10525.740000 0.484914
10526.600000 0.484987
10527.450000 0.485061
10528.300000 0.485134
10529.160000 0.485207
10530.010000 0.485281
10530.870000 0.485354
10531.720000 0.485427
10532.570000 0.485501
10533.430000 0.485574
10534.280000 0.485647
10535.140000 0.485720
10535.990000 0.485794
10536.850000 0.485867
10537.700000 0.485940
10538.560000 0.486014
10539.410000 0.486087
10540.270000 0.486160
10541.120000 0.486234
10541.980000 0.486307
10542.830000 0.486380
10543.690000 0.486385
10544.540000 0.486386
10545.400000 0.486386
10546.250000 0.486387
10547.110000 0.486387
10547.960000 0.486388
10548.820000 0.486388
10549.680000 0.486389
10550.530000 0.486389
10551.390000 0.486389
10552.240000 0.486390
10553.100000 0.486390
10553.960000 0.486390
10554.810000 0.486391
10555.670000 0.486391
10556.520000 0.486391
10557.380000 0.486392
10558.240000 0.486392
10559.090000 0.486393
10559.950000 0.486393
10560.810000 0.486393
10561.660000 0.486393
10562.520000 0.486394
10563.380000 0.486350
10564.230000 0.486273
10565.090000 0.486196
10565.950000 0.486119
10566.810000 0.486042
10567.660000 0.485965
10568.520000 0.485888
10569.380000 0.485811
10570.240000 0.485734
10571.090000 0.485657
10571.950000 0.485580
10572.810000 0.485503
10573.670000 0.485425
10574.520000 0.485348
10575.380000 0.485271
10576.240000 0.485194
10577.100000 0.485116
10577.960000 0.485039
10578.810000 0.484962
10579.670000 0.484884
10580.530000 0.484807
10581.390000 0.484730
10582.250000 0.484652
10583.100000 0.484573
10583.960000 0.484489
10584.820000 0.484405
10585.680000 0.484322
10586.540000 0.484237
10587.400000 0.484154
10588.260000 0.484070
10589.120000 0.483986
10589.970000 0.483902
10590.830000 0.483818
10591.690000 0.483734
10592.550000 0.483650
10593.410000 0.483565
10594.270000 0.483481
10595.130000 0.483397
10595.990000 0.483313
10596.850000 0.483229
10597.710000 0.483145
10598.570000 0.483061
10599.430000 0.482976
10600.290000 0.482891
10601.150000 0.482804
10602.010000 0.482717
10602.870000 0.482629
10603.730000 0.482544
10604.590000 0.482459
10605.450000 0.482374
10606.310000 0.482289
10607.170000 0.482203
10608.030000 0.482118
10608.890000 0.482033
10609.750000 0.481948
10610.610000 0.481863
10611.470000 0.481777
10612.330000 0.481692
10613.190000 0.481607
10614.060000 0.481521
10614.920000 0.481436
10615.780000 0.481351
10616.640000 0.481265
10617.500000 0.481180
10618.360000 0.481094
10619.220000 0.481009
10620.080000 0.480923
10620.950000 0.480838
10621.810000 0.480752
10622.670000 0.480667
10623.530000 0.480612
10624.390000 0.480570
10625.250000 0.480528
10626.120000 0.480486
10626.980000 0.480443
10627.840000 0.480401
10628.700000 0.480359
10629.570000 0.480316
10630.430000 0.480274
10631.290000 0.480232
10632.150000 0.480189
10633.010000 0.480147
10633.880000 0.480105
10634.740000 0.480062
10635.600000 0.480020
10636.470000 0.479977
10637.330000 0.479935
10638.190000 0.479893
10639.050000 0.479850
10639.920000 0.479808
10640.780000 0.479766
10641.640000 0.479723
10642.510000 0.479681
10643.370000 0.479663
10644.230000 0.479668
10645.100000 0.479674
10645.960000 0.479679
10646.820000 0.479684
10647.690000 0.479689
10648.550000 0.479695
10649.420000 0.479700
10650.280000 0.479705
10651.140000 0.479710
10652.010000 0.479715
10652.870000 0.479720
10653.740000 0.479726
10654.600000 0.479731
10655.460000 0.479736
10656.330000 0.479741
10657.190000 0.479746
10658.060000 0.479751
10658.920000 0.479757
10659.790000 0.479762
10660.650000 0.479767
10661.520000 0.479772
10662.380000 0.479778
10663.250000 0.479805
10664.110000 0.479869
10664.980000 0.479932
10665.840000 0.479996
10666.710000 0.480060
10667.570000 0.480124
10668.440000 0.480188
10669.300000 0.480252
10670.170000 0.480316
10671.030000 0.480380
10671.900000 0.480444
10672.770000 0.480507
10673.630000 0.480571
10674.500000 0.480635
10675.360000 0.480699
10676.230000 0.480763
10677.100000 0.480827
10677.960000 0.480891
10678.830000 0.480955
10679.690000 0.481019
10680.560000 0.481106
10681.430000 0.481206
10682.290000 0.481306
10683.160000 0.481392
10684.030000 0.481439
10684.890000 0.481487
10685.760000 0.481534
10686.630000 0.481582
10687.490000 0.481630
10688.360000 0.481678
10689.230000 0.481725
10690.090000 0.481769
10690.960000 0.481781
10691.830000 0.481793
10692.700000 0.481804
10693.560000 0.481816
10694.430000 0.481828
10695.300000 0.481840
10696.170000 0.481852
10697.040000 0.481864
10697.900000 0.481876
10698.770000 0.481888
10699.640000 0.481899
10700.510000 0.481911
10701.370000 0.481923
10702.240000 0.481935
10703.110000 0.481945
10703.980000 0.481951
10704.850000 0.481956
10705.720000 0.481961
10706.580000 0.481967
10707.450000 0.481972
10708.320000 0.481977
10709.190000 0.481982
10710.060000 0.481988
10710.930000 0.481993
10711.800000 0.481998
10712.670000 0.482004
10713.530000 0.482009
10714.400000 0.482015
10715.270000 0.482020
10716.140000 0.482025
10717.010000 0.482031
10717.880000 0.482036
10718.750000 0.482041
10719.620000 0.482047
10720.490000 0.482052
10721.360000 0.482058
10722.230000 0.482063
10723.100000 0.482058
10723.970000 0.482006
10724.840000 0.481955
10725.710000 0.481903
10726.580000 0.481852
10727.450000 0.481800
10728.320000 0.481749
10729.190000 0.481697
10730.060000 0.481646
10730.930000 0.481594
10731.800000 0.481543
10732.670000 0.481491
10733.540000 0.481440
10734.410000 0.481388
10735.280000 0.481337
10736.150000 0.481285
10737.030000 0.481234
10737.900000 0.481182
10738.770000 0.481131
10739.640000 0.481079
10740.510000 0.481028
10741.380000 0.480976
10742.250000 0.480925
10743.120000 0.480874
10744.000000 0.480827
10744.870000 0.480780
10745.740000 0.480733
10746.610000 0.480686
10747.480000 0.480638
10748.350000 0.480591
10749.230000 0.480544
10750.100000 0.480497
10750.970000 0.480450
10751.840000 0.480403
10752.710000 0.480356
10753.590000 0.480309
10754.460000 0.480261
10755.330000 0.480214
10756.200000 0.480167
10757.080000 0.480120
10757.950000 0.480073
10758.820000 0.480026
10759.690000 0.479979
10760.570000 0.479932
10761.440000 0.479885
10762.310000 0.479838
10763.190000 0.479804
10764.060000 0.479808
10764.930000 0.479811
10765.810000 0.479815
10766.680000 0.479819
10767.550000 0.479822
10768.430000 0.479826
10769.300000 0.479829
10770.170000 0.479833
10771.050000 0.479836
10771.920000 0.479840
10772.790000 0.479843
10773.670000 0.479847
10774.540000 0.479851
10775.420000 0.479854
10776.290000 0.479858
10777.170000 0.479861
10778.040000 0.479865
10778.910000 0.479868
10779.790000 0.479872
10780.660000 0.479876
10781.540000 0.479880
10782.410000 0.479883
10783.290000 0.479889
10784.160000 0.479897
10785.040000 0.479905
10785.910000 0.479913
10786.790000 0.479922
10787.660000 0.479930
10788.540000 0.479938
10789.410000 0.479946
10790.290000 0.479954
10791.160000 0.479963
10792.040000 0.479971
10792.910000 0.479979
10793.790000 0.479987
10794.660000 0.479996
10795.540000 0.480004
10796.420000 0.480012
10797.290000 0.480021
10798.170000 0.480029
10799.040000 0.480037
10799.920000 0.480046
10800.790000 0.480056
10801.670000 0.480066
10802.550000 0.480077
10803.420000 0.480134
10804.300000 0.480233
10805.180000 0.480332
10806.050000 0.480430
10806.930000 0.480529
10807.810000 0.480628
10808.680000 0.480727
10809.560000 0.480826
10810.440000 0.480925
10811.310000 0.481024
10812.190000 0.481123
10813.070000 0.481222
10813.950000 0.481321
10814.820000 0.481420
10815.700000 0.481519
10816.580000 0.481618
10817.460000 0.481717
10818.330000 0.481817
10819.210000 0.481916
10820.090000 0.482015
10820.970000 0.482114
10821.840000 0.482214
10822.720000 0.482313
10823.600000 0.482448
10824.480000 0.482596
10825.360000 0.482744
10826.230000 0.482892
10827.110000 0.483040
10827.990000 0.483189
10828.870000 0.483337
10829.750000 0.483485
10830.630000 0.483634
10831.500000 0.483782
10832.380000 0.483931
10833.260000 0.484079
10834.140000 0.484228
10835.020000 0.484376
10835.900000 0.484525
10836.780000 0.484673
10837.660000 0.484822
10838.540000 0.484970
10839.420000 0.485119
10840.290000 0.485268
10841.170000 0.485417
10842.050000 0.485565
10842.930000 0.485714
10843.810000 0.485904
10844.690000 0.486095
10845.570000 0.486286
10846.450000 0.486477
10847.330000 0.486669
10848.210000 0.486860
10849.090000 0.487051
10849.970000 0.487242
10850.850000 0.487434
10851.730000 0.487625
10852.610000 0.487817
10853.490000 0.488009
10854.370000 0.488200
10855.250000 0.488392
10856.130000 0.488583
10857.010000 0.488775
10857.900000 0.488967
10858.780000 0.489159
10859.660000 0.489350
10860.540000 0.489565
10861.420000 0.489794
10862.300000 0.490023
10863.180000 0.490242
10864.060000 0.490427
10864.940000 0.490612
10865.830000 0.490797
10866.710000 0.490982
10867.590000 0.491167
10868.470000 0.491351
10869.350000 0.491536
10870.230000 0.491712
10871.120000 0.491860
10872.000000 0.492008
10872.880000 0.492156
10873.760000 0.492304
10874.640000 0.492453
10875.530000 0.492601
10876.410000 0.492749
10877.290000 0.492897
10878.170000 0.493046
10879.050000 0.493194
10879.940000 0.493343
10880.820000 0.493491
10881.700000 0.493639
10882.580000 0.493788
10883.470000 0.493905
10884.350000 0.493995
10885.230000 0.494086
10886.120000 0.494176
10887.000000 0.494267
10887.880000 0.494357
10888.770000 0.494448
10889.650000 0.494539
10890.530000 0.494629
10891.420000 0.494720
10892.300000 0.494811
10893.180000 0.494902
10894.070000 0.494993
10894.950000 0.495084
10895.830000 0.495175
10896.720000 0.495266
10897.600000 0.495357
10898.490000 0.495448
10899.370000 0.495539
10900.260000 0.495631
10901.140000 0.495722
10902.020000 0.495813
10902.910000 0.495904
10903.790000 0.495941
10904.680000 0.495971
10905.560000 0.496002
10906.450000 0.496033
10907.330000 0.496064
10908.220000 0.496095
10909.100000 0.496126
10909.990000 0.496157
10910.870000 0.496188
10911.760000 0.496219
10912.640000 0.496250
10913.530000 0.496281
10914.410000 0.496312
10915.300000 0.496344
10916.180000 0.496375
10917.070000 0.496406
10917.950000 0.496437
10918.840000 0.496468
10919.730000 0.496499
10920.610000 0.496531
10921.500000 0.496563
10922.380000 0.496594
10923.270000 0.496613
10924.160000 0.496604
10925.040000 0.496595
10925.930000 0.496586
10926.810000 0.496577
10927.700000 0.496569
10928.590000 0.496560
10929.470000 0.496551
10930.360000 0.496542
10931.250000 0.496533
10932.130000 0.496525
10933.020000 0.496516
10933.910000 0.496508
10934.790000 0.496499
10935.680000 0.496491
10936.570000 0.496482
10937.460000 0.496473
10938.340000 0.496464
10939.230000 0.496456
10940.120000 0.496447
10941.010000 0.496439
10941.890000 0.496431
10942.780000 0.496422
10943.670000 0.496402
10944.560000 0.496378
10945.440000 0.496354
10946.330000 0.496330
10947.220000 0.496306
10948.110000 0.496282
10949.000000 0.496258
10949.880000 0.496234
10950.770000 0.496210
10951.660000 0.496186
10952.550000 0.496162
10953.440000 0.496138
10954.330000 0.496114
10955.210000 0.496090
10956.100000 0.496066
10956.990000 0.496042
10957.880000 0.496019
10958.770000 0.495995
10959.660000 0.495971
10960.550000 0.495947
10961.440000 0.495924
10962.330000 0.495900
10963.220000 0.495869
10964.110000 0.495816
10965.000000 0.495764
10965.880000 0.495711
10966.770000 0.495658
10967.660000 0.495605
10968.550000 0.495552
10969.440000 0.495499
10970.330000 0.495460
10971.220000 0.495445
10972.110000 0.495431
10973.000000 0.495416
10973.890000 0.495401
10974.780000 0.495387
10975.670000 0.495372
10976.560000 0.495357
10977.460000 0.495342
10978.350000 0.495327
10979.240000 0.495312
10980.130000 0.495292
10981.020000 0.495240
10981.910000 0.495187
10982.800000 0.495135
10983.690000 0.495115
10984.580000 0.495106
10985.470000 0.495096
10986.360000 0.495087
10987.250000 0.495078
10988.150000 0.495068
10989.040000 0.495059
10989.930000 0.495049
10990.820000 0.495032
10991.710000 0.495014
10992.600000 0.494996
10993.500000 0.494978
10994.390000 0.494960
10995.280000 0.494941
10996.170000 0.494923
10997.060000 0.494905
10997.960000 0.494887
10998.850000 0.494869
10999.740000 0.494851
11000.630000 0.494837
11001.520000 0.494824
11002.420000 0.494811
11003.310000 0.494799
11004.200000 0.494789
11005.090000 0.494778
11005.990000 0.494768
11006.880000 0.494757
11007.770000 0.494747
11008.670000 0.494736
11009.560000 0.494726
11010.450000 0.494715
11011.350000 0.494705
11012.240000 0.494694
11013.130000 0.494684
11014.030000 0.494673
11014.920000 0.494663
11015.810000 0.494652
11016.710000 0.494642
11017.600000 0.494631
11018.490000 0.494621
11019.390000 0.494610
11020.280000 0.494600
11021.170000 0.494589
11022.070000 0.494578
11022.960000 0.494568
11023.860000 0.494527
11024.750000 0.494485
11025.650000 0.494443
11026.540000 0.494400
11027.440000 0.494358
11028.330000 0.494316
11029.220000 0.494273
11030.120000 0.494231
11031.010000 0.494188
11031.910000 0.494146
11032.800000 0.494103
11033.700000 0.494061
11034.590000 0.494018
11035.490000 0.493976
11036.380000 0.493934
11037.280000 0.493891
11038.170000 0.493849
11039.070000 0.493806
11039.970000 0.493764
11040.860000 0.493721
11041.760000 0.493679
11042.650000 0.493636
11043.550000 0.493570
11044.440000 0.493486
11045.340000 0.493402
11046.240000 0.493319
11047.130000 0.493235
11048.030000 0.493152
11048.920000 0.493068
11049.820000 0.492984
11050.720000 0.492901
11051.610000 0.492817
11052.510000 0.492733
11053.410000 0.492649
11054.300000 0.492566
11055.200000 0.492482
11056.100000 0.492398
11056.990000 0.492314
11057.890000 0.492231
11058.790000 0.492147
11059.690000 0.492063
11060.580000 0.492004
11061.480000 0.491958
11062.380000 0.491912
11063.270000 0.491854
11064.170000 0.491762
11065.070000 0.491670
11065.970000 0.491578
11066.870000 0.491486
11067.760000 0.491395
11068.660000 0.491302
11069.560000 0.491210
11070.460000 0.491099
11071.350000 0.490969
11072.250000 0.490839
11073.150000 0.490710
11074.050000 0.490580
11074.950000 0.490450
11075.850000 0.490320
11076.750000 0.490190
11077.640000 0.490060
11078.540000 0.489930
11079.440000 0.489800
11080.340000 0.489670
11081.240000 0.489540
11082.140000 0.489410
11083.040000 0.489279
11083.940000 0.489108
11084.830000 0.488937
11085.730000 0.488765
11086.630000 0.488594
11087.530000 0.488422
11088.430000 0.488251
11089.330000 0.488079
11090.230000 0.487908
11091.130000 0.487736
11092.030000 0.487564
11092.930000 0.487393
11093.830000 0.487221
11094.730000 0.487050
11095.630000 0.486878
11096.530000 0.486706
11097.430000 0.486534
11098.330000 0.486363
11099.230000 0.486191
11100.130000 0.486019
11101.030000 0.485847
11101.930000 0.485675
11102.830000 0.485503
11103.730000 0.485342
11104.630000 0.485184
11105.540000 0.485025
11106.440000 0.484867
11107.340000 0.484709
11108.240000 0.484551
11109.140000 0.484392
11110.040000 0.484234
11110.940000 0.484076
11111.840000 0.483918
11112.740000 0.483759
11113.650000 0.483601
11114.550000 0.483442
11115.450000 0.483284
11116.350000 0.483125
11117.250000 0.482967
11118.150000 0.482808
11119.060000 0.482650
11119.960000 0.482491
11120.860000 0.482333
11121.760000 0.482174
11122.670000 0.482015
11123.570000 0.481862
11124.470000 0.481713
11125.370000 0.481563
11126.270000 0.481414
11127.180000 0.481264
11128.080000 0.481115
11128.980000 0.480965
11129.890000 0.480816
11130.790000 0.480666
11131.690000 0.480516
11132.590000 0.480367
11133.500000 0.480217
11134.400000 0.480067
11135.300000 0.479918
11136.210000 0.479768
11137.110000 0.479618
11138.010000 0.479469
11138.920000 0.479319
11139.820000 0.479169
11140.720000 0.479049
11141.630000 0.478936
11142.530000 0.478823
11143.440000 0.478724
11144.340000 0.478644
11145.240000 0.478563
11146.150000 0.478483
11147.050000 0.478402
11147.960000 0.478322
11148.860000 0.478241
11149.770000 0.478160
11150.670000 0.478052
11151.580000 0.477934
11152.480000 0.477816
11153.380000 0.477699
11154.290000 0.477581
11155.190000 0.477463
11156.100000 0.477345
11157.000000 0.477227
11157.910000 0.477109
11158.810000 0.476991
11159.720000 0.476873
11160.620000 0.476755
11161.530000 0.476637
11162.440000 0.476519
11163.340000 0.476418
11164.250000 0.476353
11165.150000 0.476289
11166.060000 0.476224
11166.960000 0.476159
11167.870000 0.476094
11168.780000 0.476030
11169.680000 0.475965
11170.590000 0.475900
11171.490000 0.475835
11172.400000 0.475770
11173.310000 0.475706
11174.210000 0.475641
11175.120000 0.475576
11176.030000 0.475511
11176.930000 0.475446
11177.840000 0.475382
11178.750000 0.475317
11179.650000 0.475252
11180.560000 0.475187
11181.470000 0.475122
11182.370000 0.475057
11183.280000 0.475004
11184.190000 0.474988
11185.100000 0.474972
11186.000000 0.474956
11186.910000 0.474940
11187.820000 0.474924
11188.730000 0.474907
11189.630000 0.474891
11190.540000 0.474875
11191.450000 0.474859
11192.360000 0.474843
11193.260000 0.474827
11194.170000 0.474811
11195.080000 0.474794
11195.990000 0.474778
11196.900000 0.474762
11197.810000 0.474746
11198.710000 0.474730
11199.620000 0.474714
11200.530000 0.474720
11201.440000 0.474743
11202.350000 0.474766
11203.260000 0.474801
11204.170000 0.474877
11205.070000 0.474954
11205.980000 0.475031
11206.890000 0.475107
11207.800000 0.475184
11208.710000 0.475261
11209.620000 0.475337
11210.530000 0.475393
11211.440000 0.475432
11212.350000 0.475472
11213.260000 0.475512
11214.170000 0.475552
11215.080000 0.475592
11215.990000 0.475631
11216.900000 0.475671
11217.810000 0.475711
11218.720000 0.475751
11219.630000 0.475791
11220.540000 0.475830
11221.450000 0.475870
11222.360000 0.475910
11223.270000 0.475962
11224.180000 0.476058
11225.090000 0.476154
11226.000000 0.476250
11226.910000 0.476345
11227.820000 0.476442
11228.730000 0.476538
11229.640000 0.476634
11230.550000 0.476730
11231.460000 0.476826
11232.380000 0.476922
11233.290000 0.477018
11234.200000 0.477114
11235.110000 0.477210
11236.020000 0.477306
11236.930000 0.477402
11237.840000 0.477498
11238.760000 0.477594
11239.670000 0.477691
11240.580000 0.477787
11241.490000 0.477883
11242.400000 0.477979
11243.320000 0.478081
11244.230000 0.478201
11245.140000 0.478321
11246.050000 0.478441
11246.960000 0.478560
11247.880000 0.478680
11248.790000 0.478800
11249.700000 0.478919
11250.610000 0.479040
11251.530000 0.479159
11252.440000 0.479279
11253.350000 0.479399
11254.270000 0.479519
11255.180000 0.479639
11256.090000 0.479759
11257.000000 0.479878
11257.920000 0.479998
11258.830000 0.480118
11259.740000 0.480238
11260.660000 0.480358
11261.570000 0.480478
11262.480000 0.480598
11263.400000 0.480713
11264.310000 0.480816
11265.230000 0.480920
11266.140000 0.481023
11267.050000 0.481127
11267.970000 0.481231
11268.880000 0.481334
11269.800000 0.481438
11270.710000 0.481571
11271.620000 0.481713
11272.540000 0.481854
11273.450000 0.481996
11274.370000 0.482137
11275.280000 0.482279
11276.200000 0.482420
11277.110000 0.482562
11278.030000 0.482704
11278.940000 0.482845
11279.860000 0.482987
11280.770000 0.483097
11281.690000 0.483201
11282.600000 0.483305
11283.520000 0.483428
11284.430000 0.483572
11285.350000 0.483716
11286.260000 0.483860
11287.180000 0.484004
11288.090000 0.484148
11289.010000 0.484293
11289.930000 0.484437
11290.840000 0.484581
11291.760000 0.484725
11292.670000 0.484870
11293.590000 0.485014
11294.510000 0.485158
11295.420000 0.485303
11296.340000 0.485447
11297.250000 0.485591
11298.170000 0.485736
11299.090000 0.485880
11300.000000 0.486025
11300.920000 0.486169
11301.840000 0.486314
11302.750000 0.486458
11303.670000 0.486582
11304.590000 0.486693
11305.510000 0.486805
11306.420000 0.486916
11307.340000 0.487028
11308.260000 0.487139
11309.170000 0.487251
11310.090000 0.487362
11311.010000 0.487474
11311.930000 0.487586
11312.850000 0.487698
11313.760000 0.487809
11314.680000 0.487921
11315.600000 0.488032
11316.520000 0.488144
11317.430000 0.488256
11318.350000 0.488367
11319.270000 0.488479
11320.190000 0.488591
11321.110000 0.488702
11322.030000 0.488814
11322.940000 0.488926
11323.860000 0.488983
11324.780000 0.489028
11325.700000 0.489074
11326.620000 0.489119
11327.540000 0.489165
11328.460000 0.489210
11329.380000 0.489256
11330.290000 0.489314
11331.210000 0.489397
11332.130000 0.489481
11333.050000 0.489565
11333.970000 0.489650
11334.890000 0.489733
11335.810000 0.489818
11336.730000 0.489902
11337.650000 0.489986
11338.570000 0.490070
11339.490000 0.490154
11340.410000 0.490221
11341.330000 0.490267
11342.250000 0.490312
11343.170000 0.490359
11344.090000 0.490426
11345.010000 0.490493
11345.930000 0.490560
11346.850000 0.490627
11347.770000 0.490694
11348.690000 0.490762
11349.610000 0.490829
11350.530000 0.490896
11351.450000 0.490963
11352.370000 0.491030
11353.300000 0.491097
11354.220000 0.491164
11355.140000 0.491231
11356.060000 0.491299
11356.980000 0.491366
11357.900000 0.491433
11358.820000 0.491500
11359.740000 0.491567
11360.670000 0.491634
11361.590000 0.491702
11362.510000 0.491769
11363.430000 0.491839
11364.350000 0.491916
11365.270000 0.491993
11366.200000 0.492070
11367.120000 0.492147
11368.040000 0.492223
11368.960000 0.492300
11369.890000 0.492377
11370.810000 0.492454
11371.730000 0.492531
11372.650000 0.492607
11373.580000 0.492684
11374.500000 0.492761
11375.420000 0.492838
11376.340000 0.492915
11377.270000 0.492992
11378.190000 0.493069
11379.110000 0.493146
11380.040000 0.493224
11380.960000 0.493340
11381.880000 0.493456
11382.800000 0.493572
11383.730000 0.493679
11384.650000 0.493780
11385.580000 0.493882
11386.500000 0.493984
11387.420000 0.494085
11388.350000 0.494187
11389.270000 0.494289
11390.190000 0.494382
11391.120000 0.494445
11392.040000 0.494508
11392.970000 0.494571
11393.890000 0.494634
11394.820000 0.494696
11395.740000 0.494759
11396.660000 0.494822
11397.590000 0.494885
11398.510000 0.494948
11399.440000 0.495011
11400.360000 0.495075
11401.290000 0.495141
11402.210000 0.495207
11403.140000 0.495273
11404.060000 0.495323
11404.990000 0.495372
11405.910000 0.495421
11406.840000 0.495471
11407.760000 0.495520
11408.690000 0.495570
11409.610000 0.495619
11410.540000 0.495669
11411.470000 0.495718
11412.390000 0.495768
11413.320000 0.495817
11414.240000 0.495867
11415.170000 0.495916
11416.090000 0.495966
11417.020000 0.496015
11417.950000 0.496065
11418.870000 0.496115
11419.800000 0.496164
11420.730000 0.496214
11421.650000 0.496263
11422.580000 0.496313
11423.510000 0.496373
11424.430000 0.496449
11425.360000 0.496525
11426.290000 0.496601
11427.210000 0.496677
11428.140000 0.496754
11429.070000 0.496830
11429.990000 0.496906
11430.920000 0.496982
11431.850000 0.497058
11432.780000 0.497134
11433.700000 0.497210
11434.630000 0.497287
11435.560000 0.497363
11436.490000 0.497439
11437.410000 0.497515
11438.340000 0.497591
11439.270000 0.497668
11440.200000 0.497752
11441.130000 0.497868
11442.050000 0.497984
11442.980000 0.498099
11443.910000 0.498227
11444.840000 0.498358
11445.770000 0.498488
11446.700000 0.498618
11447.620000 0.498749
11448.550000 0.498879
11449.480000 0.499010
11450.410000 0.499123
11451.340000 0.499213
11452.270000 0.499304
11453.200000 0.499395
11454.130000 0.499486
11455.060000 0.499578
11455.990000 0.499668
11456.910000 0.499760
11457.840000 0.499850
11458.770000 0.499941
11459.700000 0.500033
11460.630000 0.500124
11461.560000 0.500215
11462.490000 0.500306
11463.420000 0.500392
11464.350000 0.500466
11465.280000 0.500540
11466.210000 0.500614
11467.140000 0.500689
11468.070000 0.500763
11469.000000 0.500837
11469.930000 0.500911
11470.860000 0.500986
11471.790000 0.501060
11472.720000 0.501134
11473.660000 0.501208
11474.590000 0.501283
11475.520000 0.501357
11476.450000 0.501432
11477.380000 0.501506
11478.310000 0.501580
11479.240000 0.501655
11480.170000 0.501729
11481.100000 0.501803
11482.040000 0.501878
11482.970000 0.501952
11483.900000 0.501997
11484.830000 0.502035
11485.760000 0.502073
11486.690000 0.502111
11487.620000 0.502149
11488.560000 0.502188
11489.490000 0.502226
11490.420000 0.502282
11491.350000 0.502360
11492.290000 0.502438
11493.220000 0.502516
11494.150000 0.502594
11495.080000 0.502672
11496.010000 0.502750
11496.950000 0.502828
11497.880000 0.502907
11498.810000 0.502985
11499.750000 0.503063
11500.680000 0.503110
11501.610000 0.503146
11502.540000 0.503181
11503.480000 0.503185
11504.410000 0.503128
11505.340000 0.503071
11506.280000 0.503014
11507.210000 0.502957
11508.140000 0.502900
11509.080000 0.502844
11510.010000 0.502787
11510.950000 0.502730
11511.880000 0.502673
11512.810000 0.502616
11513.750000 0.502559
11514.680000 0.502502
11515.620000 0.502445
11516.550000 0.502389
11517.480000 0.502332
11518.420000 0.502275
11519.350000 0.502218
11520.290000 0.502161
11521.220000 0.502104
11522.160000 0.502047
11523.090000 0.501990
11524.030000 0.501872
11524.960000 0.501749
11525.900000 0.501626
11526.830000 0.501503
11527.770000 0.501380
11528.700000 0.501257
11529.640000 0.501134
11530.570000 0.501011
11531.510000 0.500888
11532.440000 0.500765
11533.380000 0.500641
11534.310000 0.500518
11535.250000 0.500395
11536.180000 0.500272
11537.120000 0.500149
11538.060000 0.500026
11538.990000 0.499903
11539.930000 0.499779
11540.860000 0.499693
11541.800000 0.499610
11542.740000 0.499526
11543.670000 0.499417
11544.610000 0.499287
11545.550000 0.499157
11546.480000 0.499027
11547.420000 0.498897
11548.360000 0.498767
11549.290000 0.498636
11550.230000 0.498496
11551.170000 0.498326
11552.100000 0.498156
11553.040000 0.497986
11553.980000 0.497815
11554.920000 0.497645
11555.850000 0.497475
11556.790000 0.497305
11557.730000 0.497134
11558.670000 0.496964
11559.600000 0.496793
11560.540000 0.496623
11561.480000 0.496453
11562.420000 0.496282
11563.350000 0.496114
11564.290000 0.495953
11565.230000 0.495792
11566.170000 0.495631
11567.110000 0.495471
11568.050000 0.495310
11568.980000 0.495149
11569.920000 0.494988
11570.860000 0.494827
11571.800000 0.494666
11572.740000 0.494505
11573.680000 0.494344
11574.620000 0.494183
11575.560000 0.494022
11576.490000 0.493861
11577.430000 0.493700
11578.370000 0.493539
11579.310000 0.493378
11580.250000 0.493217
11581.190000 0.493056
11582.130000 0.492895
11583.070000 0.492733
11584.010000 0.492603
11584.950000 0.492476
11585.890000 0.492349
11586.830000 0.492222
11587.770000 0.492095
11588.710000 0.491968
11589.650000 0.491841
11590.590000 0.491739
11591.530000 0.491652
11592.470000 0.491564
11593.410000 0.491476
11594.350000 0.491389
11595.290000 0.491301
11596.230000 0.491213
11597.170000 0.491125
11598.110000 0.491037
11599.050000 0.490949
11600.000000 0.490861
11600.940000 0.490735
11601.880000 0.490607
11602.820000 0.490480
11603.760000 0.490413
11604.700000 0.490382
11605.640000 0.490352
11606.580000 0.490321
11607.530000 0.490290
11608.470000 0.490259
11609.410000 0.490228
11610.350000 0.490198
11611.290000 0.490167
11612.230000 0.490136
11613.180000 0.490105
11614.120000 0.490074
11615.060000 0.490043
11616.000000 0.490013
11616.950000 0.489982
11617.890000 0.489951
11618.830000 0.489920
11619.770000 0.489889
11620.710000 0.489858
11621.660000 0.489827
11622.600000 0.489796
11623.540000 0.489810
11624.490000 0.489896
11625.430000 0.489981
11626.370000 0.490067
11627.320000 0.490152
11628.260000 0.490238
11629.200000 0.490323
11630.150000 0.490415
11631.090000 0.490540
11632.030000 0.490665
11632.980000 0.490790
11633.920000 0.490914
11634.860000 0.491040
11635.810000 0.491165
11636.750000 0.491290
11637.700000 0.491415
11638.640000 0.491540
11639.580000 0.491665
11640.530000 0.491768
11641.470000 0.491854
11642.420000 0.491940
11643.360000 0.492033
11644.310000 0.492156
11645.250000 0.492279
11646.200000 0.492402
11647.140000 0.492525
11648.080000 0.492648
11649.030000 0.492771
11649.970000 0.492894
11650.920000 0.493017
11651.860000 0.493140
11652.810000 0.493264
11653.750000 0.493387
11654.700000 0.493510
11655.650000 0.493633
11656.590000 0.493757
11657.540000 0.493880
11658.480000 0.494003
11659.430000 0.494127
11660.370000 0.494250
11661.320000 0.494373
11662.270000 0.494497
11663.210000 0.494621
11664.160000 0.494807
11665.100000 0.494993
11666.050000 0.495178
11667.000000 0.495364
11667.940000 0.495550
11668.890000 0.495736
11669.840000 0.495922
11670.780000 0.496107
11671.730000 0.496293
11672.680000 0.496479
11673.620000 0.496665
11674.570000 0.496851
11675.520000 0.497037
11676.470000 0.497223
11677.410000 0.497409
11678.360000 0.497595
11679.310000 0.497782
11680.250000 0.497978
11681.200000 0.498205
11682.150000 0.498431
11683.100000 0.498658
11684.050000 0.498898
11684.990000 0.499139
11685.940000 0.499381
11686.890000 0.499623
11687.840000 0.499864
11688.790000 0.500106
11689.730000 0.500348
11690.680000 0.500561
11691.630000 0.500762
11692.580000 0.500964
11693.530000 0.501166
11694.480000 0.501367
11695.420000 0.501569
11696.370000 0.501771
11697.320000 0.501973
11698.270000 0.502175
11699.220000 0.502377
11700.170000 0.502579
11701.120000 0.502781
11702.070000 0.502983
11703.020000 0.503185
11703.970000 0.503367
11704.920000 0.503544
11705.870000 0.503721
11706.810000 0.503898
11707.760000 0.504075
11708.710000 0.504252
11709.660000 0.504429
11710.610000 0.504606
11711.560000 0.504784
11712.510000 0.504961
11713.460000 0.505138
11714.410000 0.505316
11715.370000 0.505493
11716.320000 0.505670
11717.270000 0.505848
11718.220000 0.506025
11719.170000 0.506202
11720.120000 0.506385
11721.070000 0.506603
11722.020000 0.506822
11722.970000 0.507041
11723.920000 0.507235
11724.870000 0.507421
11725.820000 0.507607
11726.770000 0.507793
11727.730000 0.507979
11728.680000 0.508165
11729.630000 0.508351
11730.580000 0.508513
11731.530000 0.508658
11732.480000 0.508803
11733.440000 0.508948
11734.390000 0.509093
11735.340000 0.509239
11736.290000 0.509384
11737.240000 0.509530
11738.200000 0.509675
11739.150000 0.509821
11740.100000 0.509966
11741.050000 0.510111
11742.000000 0.510257
11742.960000 0.510402
11743.910000 0.510535
11744.860000 0.510663
11745.820000 0.510791
11746.770000 0.510919
11747.720000 0.511046
11748.670000 0.511175
11749.630000 0.511303
11750.580000 0.511431
11751.530000 0.511559
11752.490000 0.511687
11753.440000 0.511815
11754.390000 0.511943
11755.350000 0.512071
11756.300000 0.512199
11757.250000 0.512327
11758.210000 0.512455
11759.160000 0.512584
11760.120000 0.512712
11761.070000 0.512840
11762.020000 0.512968
11762.980000 0.513097
11763.930000 0.513191
11764.890000 0.513274
11765.840000 0.513357
11766.800000 0.513439
11767.750000 0.513522
11768.710000 0.513605
11769.660000 0.513688
11770.610000 0.513798
11771.570000 0.513922
11772.520000 0.514047
11773.480000 0.514172
11774.430000 0.514296
11775.390000 0.514421
11776.340000 0.514546
11777.300000 0.514670
11778.260000 0.514795
11779.210000 0.514920
11780.170000 0.515038
11781.120000 0.515121
11782.080000 0.515204
11783.030000 0.515287
11783.990000 0.515248
11784.950000 0.515179
11785.900000 0.515110
11786.860000 0.515042
11787.810000 0.514973
11788.770000 0.514904
11789.730000 0.514835
11790.680000 0.514765
11791.640000 0.514697
11792.600000 0.514628
11793.550000 0.514559
11794.510000 0.514489
11795.470000 0.514421
11796.420000 0.514352
11797.380000 0.514282
11798.340000 0.514213
11799.290000 0.514144
11800.250000 0.514073
11801.210000 0.513997
11802.170000 0.513922
11803.120000 0.513846
11804.080000 0.513560
11805.040000 0.513248
11806.000000 0.512935
11806.950000 0.512623
11807.910000 0.512311
11808.870000 0.511999
11809.830000 0.511686
11810.790000 0.511408
11811.740000 0.511137
11812.700000 0.510866
11813.660000 0.510594
11814.620000 0.510323
11815.580000 0.510052
11816.540000 0.509781
11817.490000 0.509509
11818.450000 0.509238
11819.410000 0.508966
11820.370000 0.508678
11821.330000 0.508365
11822.290000 0.508051
11823.250000 0.507736
11824.210000 0.507211
11825.170000 0.506686
11826.120000 0.506161
11827.080000 0.505636
11828.040000 0.505111
11829.000000 0.504586
11829.960000 0.504061
11830.920000 0.503536
11831.880000 0.503010
11832.840000 0.502485
11833.800000 0.501959
11834.760000 0.501433
11835.720000 0.500908
11836.680000 0.500382
11837.640000 0.499856
11838.600000 0.499331
11839.560000 0.498805
11840.520000 0.498279
11841.480000 0.497752
11842.440000 0.497227
11843.410000 0.496694
11844.370000 0.496132
11845.330000 0.495570
11846.290000 0.495008
11847.250000 0.494445
11848.210000 0.493883
11849.170000 0.493321
11850.130000 0.492764
11851.090000 0.492241
11852.050000 0.491719
11853.020000 0.491196
11853.980000 0.490673
11854.940000 0.490150
11855.900000 0.489627
11856.860000 0.489103
11857.830000 0.488579
11858.790000 0.488056
11859.750000 0.487532
11860.710000 0.486978
11861.670000 0.486415
11862.640000 0.485850
11863.600000 0.485405
11864.560000 0.485163
11865.520000 0.484922
11866.490000 0.484680
11867.450000 0.484439
11868.410000 0.484198
11869.370000 0.483956
11870.340000 0.483715
11871.300000 0.483473
11872.260000 0.483232
11873.230000 0.482990
11874.190000 0.482749
11875.150000 0.482507
11876.120000 0.482265
11877.080000 0.482024
11878.040000 0.481782
11879.010000 0.481540
11879.970000 0.481298
11880.930000 0.481056
11881.900000 0.480815
11882.860000 0.480573
11883.820000 0.480664
11884.790000 0.480982
11885.750000 0.481299
11886.720000 0.481617
11887.680000 0.481935
11888.650000 0.482253
11889.610000 0.482571
11890.570000 0.482913
11891.540000 0.483270
11892.500000 0.483628
11893.470000 0.483986
11894.430000 0.484343
11895.400000 0.484701
11896.360000 0.485059
11897.330000 0.485418
11898.290000 0.485776
11899.260000 0.486134
11900.220000 0.486483
11901.190000 0.486802
11902.160000 0.487121
11903.120000 0.487440
11904.090000 0.488265
11905.050000 0.489174
11906.020000 0.490083
11906.980000 0.490992
11907.950000 0.491901
11908.920000 0.492810
11909.880000 0.493719
11910.850000 0.494629
11911.810000 0.495538
11912.780000 0.496448
11913.750000 0.497358
11914.710000 0.498268
11915.680000 0.499178
11916.650000 0.500089
11917.610000 0.500998
11918.580000 0.501908
11919.550000 0.502820
11920.510000 0.503730
11921.480000 0.504641
11922.450000 0.505552
11923.420000 0.506346
11924.380000 0.506513
11925.350000 0.506681
11926.320000 0.506849
11927.280000 0.507017
11928.250000 0.507185
11929.220000 0.507353
11930.190000 0.507521
11931.160000 0.507688
11932.120000 0.507856
11933.090000 0.508024
11934.060000 0.508192
11935.030000 0.508360
11936.000000 0.508529
11936.960000 0.508697
11937.930000 0.508865
11938.900000 0.509033
11939.870000 0.509201
11940.840000 0.509405
11941.810000 0.509615
11942.770000 0.509825
11943.740000 0.508338
11944.710000 0.505088
11945.680000 0.501841
11946.650000 0.498592
11947.620000 0.495340
11948.590000 0.492090
11949.560000 0.488837
11950.530000 0.485564
11951.500000 0.482270
11952.470000 0.478975
11953.440000 0.475680
11954.410000 0.472385
11955.380000 0.469090
11956.350000 0.465795
11957.320000 0.462499
11958.290000 0.459203
11959.260000 0.455904
11960.230000 0.452608
11961.200000 0.449309
11962.170000 0.446012
11963.140000 0.442713
11964.110000 0.436229
11965.080000 0.429223
11966.050000 0.422223
11967.020000 0.415216
11967.990000 0.408202
11968.960000 0.401195
11969.930000 0.394187
11970.900000 0.387179
11971.870000 0.380163
11972.840000 0.373154
11973.820000 0.366137
11974.790000 0.359128
11975.760000 0.352111
11976.730000 0.345093
11977.700000 0.338075
11978.670000 0.331057
11979.650000 0.324039
11980.620000 0.317036
11981.590000 0.310042
11982.560000 0.303039
11983.530000 0.296199
11984.510000 0.289794
11985.480000 0.283394
11986.450000 0.276987
11987.420000 0.270584
11988.390000 0.264174
11989.370000 0.257762
11990.340000 0.251341
11991.310000 0.244907
11992.290000 0.238472
11993.260000 0.232037
11994.230000 0.225595
11995.200000 0.219159
11996.180000 0.212723
11997.150000 0.206280
11998.120000 0.199837
11999.100000 0.193400
12000.070000 0.186956
12001.040000 0.180514
12002.020000 0.174071
12002.990000 0.167628
12003.960000 0.163059
12004.940000 0.159297
12005.910000 0.155533
12006.890000 0.151766
12007.860000 0.148003
12008.830000 0.144239
12009.810000 0.140471
12010.780000 0.136703
12011.760000 0.132938
12012.730000 0.129169
12013.710000 0.125400
12014.680000 0.121631
12015.660000 0.117861
12016.630000 0.114091
12017.600000 0.110321
12018.580000 0.106547
12019.550000 0.102776
12020.530000 0.099006
12021.500000 0.095242
12022.480000 0.091474
12023.460000 0.088016
12024.430000 0.086051
12025.410000 0.084087
12026.380000 0.082122
12027.360000 0.080156
12028.330000 0.078190
12029.310000 0.076223
12030.290000 0.074253
12031.260000 0.072279
12032.240000 0.070306
12033.210000 0.068330
12034.190000 0.066356
12035.170000 0.064380
12036.140000 0.062404
12037.120000 0.060428
12038.090000 0.058451
12039.070000 0.056475
12040.050000 0.054498
12041.020000 0.052521
12042.000000 0.050544
12042.980000 0.048567
12043.960000 0.047238
12044.930000 0.046223
12045.910000 0.045207
12046.890000 0.044190
12047.860000 0.043175
12048.840000 0.042159
12049.820000 0.041142
12050.800000 0.040125
12051.770000 0.039109
12052.750000 0.038092
12053.730000 0.037075
12054.710000 0.036057
12055.680000 0.035040
12056.660000 0.034023
12057.640000 0.033005
12058.620000 0.031986
12059.600000 0.030969
12060.580000 0.029952
12061.550000 0.028936
12062.530000 0.027920
12063.510000 0.027004
12064.490000 0.026458
12065.470000 0.025911
12066.450000 0.025363
12067.430000 0.024816
12068.400000 0.024269
12069.380000 0.023721
12070.360000 0.023172
12071.340000 0.022622
12072.320000 0.022072
12073.300000 0.021522
12074.280000 0.020972
12075.260000 0.020421
12076.240000 0.019871
12077.220000 0.019321
12078.200000 0.018770
12079.180000 0.018220
12080.160000 0.017669
12081.140000 0.017119
12082.120000 0.016567
12083.100000 0.016016
12084.080000 0.015654
12085.060000 0.015342
12086.040000 0.015030
12087.020000 0.014718
12088.000000 0.014407
12088.980000 0.014095
12089.960000 0.013783
12090.940000 0.013470
12091.920000 0.013158
12092.900000 0.012846
12093.880000 0.012534
12094.870000 0.012221
12095.850000 0.011909
12096.830000 0.011597
12097.810000 0.011284
12098.790000 0.010972
12099.770000 0.010659
12100.750000 0.010347
12101.740000 0.010035
12102.720000 0.009723
12103.700000 0.009464
12104.680000 0.009286
12105.660000 0.009108
12106.650000 0.008930
12107.630000 0.008752
12108.610000 0.008574
12109.590000 0.008396
12110.570000 0.008217
12111.560000 0.008038
12112.540000 0.007859
12113.520000 0.007680
12114.500000 0.007501
12115.490000 0.007322
12116.470000 0.007142
12117.450000 0.006963
12118.440000 0.006784
12119.420000 0.006605
12120.400000 0.006425
12121.390000 0.006246
12122.370000 0.006067
12123.350000 0.005889
12124.340000 0.005771
12125.320000 0.005652
12126.300000 0.005533
12127.290000 0.005415
12128.270000 0.005296
12129.250000 0.005177
12130.240000 0.005058
12131.220000 0.004940
12132.210000 0.004821
12133.190000 0.004702
12134.170000 0.004583
12135.160000 0.004464
12136.140000 0.004345
12137.130000 0.004226
12138.110000 0.004107
12139.100000 0.003988
12140.080000 0.003870
12141.070000 0.003751
12142.050000 0.003632
12143.040000 0.003513
12144.020000 0.003431
12145.010000 0.003363
12145.990000 0.003295
12146.980000 0.003228
12147.960000 0.003160
12148.950000 0.003092
12149.930000 0.003024
12150.920000 0.002956
12151.910000 0.002888
12152.890000 0.002820
12153.880000 0.002752
12154.860000 0.002684
12155.850000 0.002616
12156.830000 0.002547
12157.820000 0.002479
12158.810000 0.002411
12159.790000 0.002343
12160.780000 0.002275
12161.770000 0.002207
12162.750000 0.002138
12163.740000 0.002080
12164.730000 0.002037
12165.710000 0.001993
12166.700000 0.001949
12167.690000 0.001906
12168.670000 0.001862
12169.660000 0.001818
12170.650000 0.001774
12171.640000 0.001731
12172.620000 0.001687
12173.610000 0.001643
12174.600000 0.001599
12175.590000 0.001556
12176.570000 0.001512
12177.560000 0.001468
12178.550000 0.001424
12179.540000 0.001380
12180.530000 0.001337
12181.510000 0.001293
12182.500000 0.001249
12183.490000 0.001209
12184.480000 0.001190
12185.470000 0.001170
12186.460000 0.001150
12187.440000 0.001131
12188.430000 0.001111
12189.420000 0.001091
12190.410000 0.001072
12191.400000 0.001052
12192.390000 0.001032
12193.380000 0.001012
12194.370000 0.000993
12195.360000 0.000973
12196.350000 0.000953
12197.330000 0.000933
12198.320000 0.000913
12199.310000 0.000893
12200.300000 0.000874
12201.290000 0.000854
12202.280000 0.000834
12203.270000 0.000814
12204.260000 0.000797
12205.250000 0.000781
12206.240000 0.000764
12207.230000 0.000748
12208.220000 0.000731
12209.210000 0.000714
12210.200000 0.000698
12211.190000 0.000681
12212.190000 0.000665
12213.180000 0.000648
12214.170000 0.000632
12215.160000 0.000615
12216.150000 0.000598
12217.140000 0.000582
12218.130000 0.000565
12219.120000 0.000549
12220.110000 0.000532
12221.100000 0.000515
12222.100000 0.000499
12223.090000 0.000482
12224.080000 0.000467
12225.070000 0.000453
12226.060000 0.000439
12227.050000 0.000425
12228.050000 0.000411
