#      xKs         yKs
#
  2.396000   0.000224
  2.395500   0.000252
  2.395000   0.000254
  2.394500   0.000262
  2.394000   0.000325
  2.393500   0.000277
  2.393000   0.000351
  2.392500   0.000228
  2.392000   0.000282
  2.391500   0.000350
  2.391000   0.000278
  2.390500   0.000271
  2.390000   0.000368
  2.389500   0.000336
  2.389000   0.000329
  2.388500   0.000442
  2.388000   0.000412
  2.387500   0.000400
  2.387000   0.000487
  2.386500   0.000494
  2.386000   0.000459
  2.385500   0.000561
  2.385000   0.000461
  2.384500   0.000470
  2.384000   0.000566
  2.383500   0.000524
  2.383000   0.000519
  2.382500   0.000568
  2.382000   0.000612
  2.381500   0.000577
  2.381000   0.000618
  2.380500   0.000659
  2.380000   0.000722
  2.379500   0.000691
  2.379000   0.000756
  2.378500   0.000716
  2.378000   0.000669
  2.377500   0.000854
  2.377000   0.000867
  2.376500   0.000866
  2.376000   0.000776
  2.375500   0.000949
  2.375000   0.000833
  2.374500   0.000945
  2.374000   0.000966
  2.373500   0.001022
  2.373000   0.000859
  2.372500   0.000980
  2.372000   0.001077
  2.371500   0.001242
  2.371000   0.001244
  2.370500   0.001312
  2.370000   0.001285
  2.369500   0.001335
  2.369000   0.001464
  2.368500   0.001485
  2.368000   0.001585
  2.367500   0.001600
  2.367000   0.001637
  2.366500   0.001771
  2.366000   0.001820
  2.365500   0.001937
  2.365000   0.001846
  2.364500   0.001897
  2.364000   0.002097
  2.363500   0.002267
  2.363000   0.002300
  2.362500   0.002356
  2.362000   0.002472
  2.361500   0.002634
  2.361000   0.002669
  2.360500   0.002821
  2.360000   0.002948
  2.359500   0.003097
  2.359000   0.003198
  2.358500   0.003359
  2.358000   0.003437
  2.357500   0.003621
  2.357000   0.003814
  2.356500   0.003967
  2.356000   0.004116
  2.355500   0.004326
  2.355000   0.004424
  2.354500   0.004597
  2.354000   0.004871
  2.353500   0.005111
  2.353000   0.005342
  2.352500   0.005557
  2.352000   0.005756
  2.351500   0.006010
  2.351000   0.006262
  2.350500   0.006685
  2.350000   0.007002
  2.349500   0.007227
  2.349000   0.007544
  2.348500   0.008034
  2.348000   0.008297
  2.347500   0.008634
  2.347000   0.009048
  2.346500   0.009531
  2.346000   0.009963
  2.345500   0.010382
  2.345000   0.010938
  2.344500   0.011288
  2.344000   0.011956
  2.343500   0.012482
  2.343000   0.013026
  2.342500   0.013543
  2.342000   0.014295
  2.341500   0.014911
  2.341000   0.015453
  2.340500   0.016374
  2.340000   0.017092
  2.339500   0.017797
  2.339000   0.018653
  2.338500   0.019636
  2.338000   0.020532
  2.337500   0.021476
  2.337000   0.022423
  2.336500   0.023403
  2.336000   0.024567
  2.335500   0.025507
  2.335000   0.027036
  2.334500   0.028168
  2.334000   0.029308
  2.333500   0.030746
  2.333000   0.032016
  2.332500   0.033772
  2.332000   0.035297
  2.331500   0.036825
  2.331000   0.038509
  2.330500   0.040290
  2.330000   0.042118
  2.329500   0.044228
  2.329000   0.046249
  2.328500   0.048401
  2.328000   0.050615
  2.327500   0.052925
  2.327000   0.055224
  2.326500   0.057926
  2.326000   0.060762
  2.325500   0.063689
  2.325000   0.067030
  2.324500   0.069971
  2.324000   0.073114
  2.323500   0.076473
  2.323000   0.080313
  2.322500   0.084401
  2.322000   0.087946
  2.321500   0.092629
  2.321000   0.096798
  2.320500   0.101460
  2.320000   0.106261
  2.319500   0.111958
  2.319000   0.117941
  2.318500   0.123407
  2.318000   0.129710
  2.317500   0.135757
  2.317000   0.142110
  2.316500   0.150160
  2.316000   0.158273
  2.315500   0.165983
  2.315000   0.173426
  2.314500   0.181695
  2.314000   0.190497
  2.313500   0.200540
  2.313000   0.211336
  2.312500   0.222285
  2.312000   0.233500
  2.311500   0.244337
  2.311000   0.256132
  2.310500   0.269664
  2.310000   0.284291
  2.309500   0.299068
  2.309000   0.312671
  2.308500   0.328116
  2.308000   0.342740
  2.307500   0.359617
  2.307000   0.377706
  2.306500   0.396076
  2.306000   0.414740
  2.305500   0.432874
  2.305000   0.450964
  2.304500   0.470472
  2.304000   0.493639
  2.303500   0.515555
  2.303000   0.532241
  2.302500   0.555933
  2.302000   0.574713
  2.301500   0.596830
  2.301000   0.618429
  2.300500   0.641440
  2.300000   0.664664
  2.299500   0.682266
  2.299000   0.703041
  2.298500   0.724752
  2.298000   0.743216
  2.297500   0.765361
  2.297000   0.783986
  2.296500   0.800169
  2.296000   0.816131
  2.295500   0.830921
  2.295000   0.846862
  2.294500   0.860427
  2.294000   0.873839
  2.293500   0.886409
  2.293000   0.896791
  2.292500   0.906928
  2.292000   0.915971
  2.291500   0.924843
  2.291000   0.932890
  2.290500   0.939260
  2.290000   0.944539
  2.289500   0.949425
  2.289000   0.953617
  2.288500   0.957720
  2.288000   0.960897
  2.287500   0.963502
  2.287000   0.965851
  2.286500   0.966676
  2.286000   0.967548
  2.285500   0.968307
  2.285000   0.968913
  2.284500   0.969168
  2.284000   0.969398
  2.283500   0.968572
  2.283000   0.968034
  2.282500   0.967898
  2.282000   0.967268
  2.281500   0.966501
  2.281000   0.965441
  2.280500   0.964137
  2.280000   0.963287
  2.279500   0.962424
  2.279000   0.961524
  2.278500   0.960484
  2.278000   0.959224
  2.277500   0.958604
  2.277000   0.957481
  2.276500   0.957129
  2.276000   0.956268
  2.275500   0.955406
  2.275000   0.954581
  2.274500   0.954264
  2.274000   0.953340
  2.273500   0.953362
  2.273000   0.952686
  2.272500   0.951982
  2.272000   0.951601
  2.271500   0.951463
  2.271000   0.951544
  2.270500   0.951044
  2.270000   0.950646
  2.269500   0.950496
  2.269000   0.950539
  2.268500   0.950394
  2.268000   0.950729
  2.267500   0.950531
  2.267000   0.950447
  2.266500   0.950228
  2.266000   0.950602
  2.265500   0.950428
  2.265000   0.950326
  2.264500   0.950386
  2.264000   0.950227
  2.263500   0.950318
  2.263000   0.950146
  2.262500   0.950293
  2.262000   0.950066
  2.261500   0.950071
  2.261000   0.949998
  2.260500   0.950104
  2.260000   0.949914
  2.259500   0.949478
  2.259000   0.949528
  2.258500   0.949559
  2.258000   0.949076
  2.257500   0.949020
  2.257000   0.948715
  2.256500   0.948699
  2.256000   0.948652
  2.255500   0.948178
  2.255000   0.948192
  2.254500   0.947864
  2.254000   0.947562
  2.253500   0.947358
  2.253000   0.947355
  2.252500   0.946769
  2.252000   0.947013
  2.251500   0.946158
  2.251000   0.946132
  2.250500   0.946505
  2.250000   0.945787
  2.249500   0.945629
  2.249000   0.945302
  2.248500   0.945257
  2.248000   0.945138
  2.247500   0.945055
  2.247000   0.945415
  2.246500   0.944817
  2.246000   0.944855
  2.245500   0.945077
  2.245000   0.945195
  2.244500   0.945026
  2.244000   0.945263
  2.243500   0.945026
  2.243000   0.944919
  2.242500   0.945946
  2.242000   0.945308
  2.241500   0.945723
  2.241000   0.946007
  2.240500   0.946120
  2.240000   0.946761
  2.239500   0.946842
  2.239000   0.947488
  2.238500   0.947411
  2.238000   0.948042
  2.237500   0.948528
  2.237000   0.948691
  2.236500   0.949154
  2.236000   0.949276
  2.235500   0.949849
  2.235000   0.950584
  2.234500   0.951158
  2.234000   0.951505
  2.233500   0.952124
  2.233000   0.952244
  2.232500   0.952932
  2.232000   0.953180
  2.231500   0.954246
  2.231000   0.954613
  2.230500   0.954940
  2.230000   0.955649
  2.229500   0.955865
  2.229000   0.956343
  2.228500   0.956743
  2.228000   0.957326
  2.227500   0.958040
  2.227000   0.958422
  2.226500   0.958225
  2.226000   0.959002
  2.225500   0.959284
  2.225000   0.959427
  2.224500   0.960057
  2.224000   0.960310
  2.223500   0.960547
  2.223000   0.960906
  2.222500   0.961147
  2.222000   0.961314
  2.221500   0.961515
  2.221000   0.961392
  2.220500   0.961646
  2.220000   0.961846
  2.219500   0.961561
  2.219000   0.962123
  2.218500   0.962117
  2.218000   0.961704
  2.217500   0.961755
  2.217000   0.961687
  2.216500   0.961737
  2.216000   0.961344
  2.215500   0.961226
  2.215000   0.960889
  2.214500   0.960893
  2.214000   0.961213
  2.213500   0.960947
  2.213000   0.960386
  2.212500   0.959843
  2.212000   0.959809
  2.211500   0.959821
  2.211000   0.959554
  2.210500   0.958923
  2.210000   0.958800
  2.209500   0.958676
  2.209000   0.958274
  2.208500   0.957850
  2.208000   0.957442
  2.207500   0.957408
  2.207000   0.957329
  2.206500   0.956940
  2.206000   0.956600
  2.205500   0.956291
  2.205000   0.956166
  2.204500   0.955890
  2.204000   0.955638
  2.203500   0.955585
  2.203000   0.955326
  2.202500   0.955422
  2.202000   0.955302
  2.201500   0.954953
  2.201000   0.954851
  2.200500   0.954987
  2.200000   0.954719
  2.199500   0.955159
  2.199000   0.955029
  2.198500   0.954683
  2.198000   0.954835
  2.197500   0.954696
  2.197000   0.954852
  2.196500   0.955276
  2.196000   0.955229
  2.195500   0.954861
  2.195000   0.955374
  2.194500   0.955832
  2.194000   0.955724
  2.193500   0.955861
  2.193000   0.956252
  2.192500   0.956337
  2.192000   0.956462
  2.191500   0.957186
  2.191000   0.957091
  2.190500   0.957024
  2.190000   0.957379
  2.189500   0.957918
  2.189000   0.957589
  2.188500   0.958138
  2.188000   0.958197
  2.187500   0.958535
  2.187000   0.958935
  2.186500   0.959091
  2.186000   0.959080
  2.185500   0.959078
  2.185000   0.959411
  2.184500   0.959819
  2.184000   0.959924
  2.183500   0.959991
  2.183000   0.959932
  2.182500   0.960362
  2.182000   0.960655
  2.181500   0.960591
  2.181000   0.960462
  2.180500   0.960533
  2.180000   0.960372
  2.179500   0.960555
  2.179000   0.960383
  2.178500   0.960317
  2.178000   0.959926
  2.177500   0.960298
  2.177000   0.960111
  2.176500   0.960045
  2.176000   0.959768
  2.175500   0.959651
  2.175000   0.958531
  2.174500   0.958826
  2.174000   0.958802
  2.173500   0.958049
  2.173000   0.957798
  2.172500   0.957503
  2.172000   0.957326
  2.171500   0.956824
  2.171000   0.956342
  2.170500   0.955694
  2.170000   0.955252
  2.169500   0.954641
  2.169000   0.954698
  2.168500   0.953900
  2.168000   0.953171
  2.167500   0.952850
  2.167000   0.952506
  2.166500   0.951742
  2.166000   0.951608
  2.165500   0.950612
  2.165000   0.950134
  2.164500   0.949581
  2.164000   0.948647
  2.163500   0.948430
  2.163000   0.947842
  2.162500   0.947169
  2.162000   0.946894
  2.161500   0.946107
  2.161000   0.945883
  2.160500   0.945293
  2.160000   0.944574
  2.159500   0.944277
  2.159000   0.943446
  2.158500   0.942812
  2.158000   0.942405
  2.157500   0.941906
  2.157000   0.941789
  2.156500   0.941547
  2.156000   0.940959
  2.155500   0.940690
  2.155000   0.939480
  2.154500   0.939047
  2.154000   0.938937
  2.153500   0.938628
  2.153000   0.938189
  2.152500   0.937641
  2.152000   0.937315
  2.151500   0.937037
  2.151000   0.937016
  2.150500   0.936834
  2.150000   0.936036
  2.149500   0.935692
  2.149000   0.935380
  2.148500   0.935637
  2.148000   0.934798
  2.147500   0.934605
  2.147000   0.933984
  2.146500   0.934172
  2.146000   0.933947
  2.145500   0.933973
  2.145000   0.933578
  2.144500   0.933215
  2.144000   0.932776
  2.143500   0.932503
  2.143000   0.932039
  2.142500   0.931957
  2.142000   0.931847
  2.141500   0.931523
  2.141000   0.931378
  2.140500   0.931098
  2.140000   0.931160
  2.139500   0.930481
  2.139000   0.930011
  2.138500   0.929893
  2.138000   0.929962
  2.137500   0.929404
  2.137000   0.929334
  2.136500   0.929140
  2.136000   0.928958
  2.135500   0.928846
  2.135000   0.928334
  2.134500   0.928197
  2.134000   0.927805
  2.133500   0.927482
  2.133000   0.927342
  2.132500   0.927097
  2.132000   0.927050
  2.131500   0.926847
  2.131000   0.926458
  2.130500   0.926371
  2.130000   0.925981
  2.129500   0.925971
  2.129000   0.925692
  2.128500   0.925577
  2.128000   0.925517
  2.127500   0.925317
  2.127000   0.924833
  2.126500   0.924808
  2.126000   0.925050
  2.125500   0.924848
  2.125000   0.924965
  2.124500   0.924857
  2.124000   0.924784
  2.123500   0.925061
  2.123000   0.924968
  2.122500   0.925067
  2.122000   0.924766
  2.121500   0.924972
  2.121000   0.925337
  2.120500   0.925530
  2.120000   0.925928
  2.119500   0.925977
  2.119000   0.925763
  2.118500   0.925965
  2.118000   0.926388
  2.117500   0.926687
  2.117000   0.926963
  2.116500   0.926989
  2.116000   0.927546
  2.115500   0.928032
  2.115000   0.928260
  2.114500   0.928746
  2.114000   0.929295
  2.113500   0.929474
  2.113000   0.929605
  2.112500   0.930207
  2.112000   0.930835
  2.111500   0.930897
  2.111000   0.931250
  2.110500   0.931861
  2.110000   0.932360
  2.109500   0.933013
  2.109000   0.933433
  2.108500   0.933751
  2.108000   0.933631
  2.107500   0.934659
  2.107000   0.934769
  2.106500   0.935355
  2.106000   0.935535
  2.105500   0.936027
  2.105000   0.936801
  2.104500   0.936725
  2.104000   0.936953
  2.103500   0.937552
  2.103000   0.937904
  2.102500   0.938004
  2.102000   0.937780
  2.101500   0.938382
  2.101000   0.938703
  2.100500   0.938998
  2.100000   0.939073
  2.099500   0.939157
  2.099000   0.939220
  2.098500   0.939654
  2.098000   0.939519
  2.097500   0.939620
  2.097000   0.939492
  2.096500   0.939698
  2.096000   0.939571
  2.095500   0.939927
  2.095000   0.939763
  2.094500   0.939625
  2.094000   0.939655
  2.093500   0.939608
  2.093000   0.939611
  2.092500   0.939203
  2.092000   0.939048
  2.091500   0.938963
  2.091000   0.938893
  2.090500   0.938883
  2.090000   0.938846
  2.089500   0.938721
  2.089000   0.938823
  2.088500   0.938258
  2.088000   0.937790
  2.087500   0.937974
  2.087000   0.937855
  2.086500   0.937969
  2.086000   0.937407
  2.085500   0.937211
  2.085000   0.936954
  2.084500   0.937162
  2.084000   0.937096
  2.083500   0.937354
  2.083000   0.936982
  2.082500   0.936692
  2.082000   0.936917
  2.081500   0.936680
  2.081000   0.936884
  2.080500   0.936684
  2.080000   0.936810
  2.079500   0.936708
  2.079000   0.937169
  2.078500   0.936814
  2.078000   0.937118
  2.077500   0.937222
  2.077000   0.937208
  2.076500   0.937451
  2.076000   0.937298
  2.075500   0.937900
  2.075000   0.938021
  2.074500   0.938265
  2.074000   0.938280
  2.073500   0.938749
  2.073000   0.939145
  2.072500   0.939465
  2.072000   0.939519
  2.071500   0.939761
  2.071000   0.939895
  2.070500   0.940442
  2.070000   0.940655
  2.069500   0.941145
  2.069000   0.941554
  2.068500   0.941748
  2.068000   0.941906
  2.067500   0.942812
  2.067000   0.943232
  2.066500   0.943512
  2.066000   0.943641
  2.065500   0.944487
  2.065000   0.944490
  2.064500   0.945194
  2.064000   0.945763
  2.063500   0.946229
  2.063000   0.946599
  2.062500   0.947273
  2.062000   0.947512
  2.061500   0.948055
  2.061000   0.948704
  2.060500   0.948865
  2.060000   0.949567
  2.059500   0.950181
  2.059000   0.950284
  2.058500   0.951394
  2.058000   0.951807
  2.057500   0.952194
  2.057000   0.952718
  2.056500   0.952856
  2.056000   0.953785
  2.055500   0.954218
  2.055000   0.954256
  2.054500   0.954903
  2.054000   0.955682
  2.053500   0.956123
  2.053000   0.956301
  2.052500   0.956920
  2.052000   0.957631
  2.051500   0.957813
  2.051000   0.957969
  2.050500   0.958527
  2.050000   0.958800
  2.049500   0.959365
  2.049000   0.959312
  2.048500   0.959602
  2.048000   0.959927
  2.047500   0.960145
  2.047000   0.960182
  2.046500   0.960296
  2.046000   0.960392
  2.045500   0.960373
  2.045000   0.960526
  2.044500   0.960583
  2.044000   0.960358
  2.043500   0.960022
  2.043000   0.959907
  2.042500   0.960022
  2.042000   0.959579
  2.041500   0.959271
  2.041000   0.958776
  2.040500   0.958391
  2.040000   0.957875
  2.039500   0.957469
  2.039000   0.957258
  2.038500   0.956579
  2.038000   0.955959
  2.037500   0.955375
  2.037000   0.954534
  2.036500   0.953553
  2.036000   0.953075
  2.035500   0.952333
  2.035000   0.951213
  2.034500   0.950211
  2.034000   0.949382
  2.033500   0.948434
  2.033000   0.947706
  2.032500   0.946791
  2.032000   0.945602
  2.031500   0.944689
  2.031000   0.943594
  2.030500   0.942398
  2.030000   0.941216
  2.029500   0.940794
  2.029000   0.939414
  2.028500   0.938539
  2.028000   0.937480
  2.027500   0.936078
  2.027000   0.935403
  2.026500   0.934375
  2.026000   0.933304
  2.025500   0.932058
  2.025000   0.931293
  2.024500   0.930218
  2.024000   0.929168
  2.023500   0.927881
  2.023000   0.926867
  2.022500   0.925962
  2.022000   0.924921
  2.021500   0.924471
  2.021000   0.922783
  2.020500   0.921654
  2.020000   0.920475
  2.019500   0.919000
  2.019000   0.918256
  2.018500   0.916879
  2.018000   0.915706
  2.017500   0.914193
  2.017000   0.912836
  2.016500   0.911428
  2.016000   0.910207
  2.015500   0.908310
  2.015000   0.906477
  2.014500   0.904614
  2.014000   0.902542
  2.013500   0.900903
  2.013000   0.898782
  2.012500   0.896333
  2.012000   0.893577
  2.011500   0.891317
  2.011000   0.888597
  2.010500   0.885090
  2.010000   0.882192
  2.009500   0.879045
  2.009000   0.875916
  2.008500   0.872231
  2.008000   0.868099
  2.007500   0.863432
  2.007000   0.859251
  2.006500   0.854829
  2.006000   0.849879
  2.005500   0.845016
  2.005000   0.839050
  2.004500   0.832799
  2.004000   0.827005
  2.003500   0.820729
  2.003000   0.813790
  2.002500   0.806704
  2.002000   0.799010
  2.001500   0.790022
  2.001000   0.782001
  2.000500   0.772657
  2.000000   0.763691
  1.999500   0.753960
  1.999000   0.743556
  1.998500   0.731697
  1.998000   0.720103
  1.997500   0.708968
  1.997000   0.695226
  1.996500   0.683702
  1.996000   0.670222
  1.995500   0.656209
  1.995000   0.641786
  1.994500   0.624827
  1.994000   0.609650
  1.993500   0.593613
  1.993000   0.577854
  1.992500   0.561603
  1.992000   0.542914
  1.991500   0.524881
  1.991000   0.508022
  1.990500   0.491067
  1.990000   0.473854
  1.989500   0.457145
  1.989000   0.438242
  1.988500   0.419044
  1.988000   0.401360
  1.987500   0.384193
  1.987000   0.367527
  1.986500   0.350451
  1.986000   0.333397
  1.985500   0.315540
  1.985000   0.299911
  1.984500   0.285821
  1.984000   0.271090
  1.983500   0.257308
  1.983000   0.242833
  1.982500   0.227949
  1.982000   0.215397
  1.981500   0.202426
  1.981000   0.192106
  1.980500   0.181419
  1.980000   0.170678
  1.979500   0.159476
  1.979000   0.149632
  1.978500   0.141815
  1.978000   0.132498
  1.977500   0.125335
  1.977000   0.117882
  1.976500   0.110967
  1.976000   0.103278
  1.975500   0.096790
  1.975000   0.092004
  1.974500   0.086049
  1.974000   0.080551
  1.973500   0.075703
  1.973000   0.070802
  1.972500   0.066103
  1.972000   0.062537
  1.971500   0.059213
  1.971000   0.055635
  1.970500   0.052220
  1.970000   0.048977
  1.969500   0.046111
  1.969000   0.043279
  1.968500   0.040902
  1.968000   0.038559
  1.967500   0.036410
  1.967000   0.034253
  1.966500   0.032009
  1.966000   0.030130
  1.965500   0.028565
  1.965000   0.027109
  1.964500   0.025448
  1.964000   0.024018
  1.963500   0.022516
  1.963000   0.021434
  1.962500   0.020305
  1.962000   0.019254
  1.961500   0.018132
  1.961000   0.017026
  1.960500   0.016214
  1.960000   0.015260
  1.959500   0.014566
  1.959000   0.013768
  1.958500   0.013059
  1.958000   0.012307
  1.957500   0.011861
  1.957000   0.011105
  1.956500   0.010391
  1.956000   0.009946
  1.955500   0.009657
  1.955000   0.009062
  1.954500   0.008523
  1.954000   0.008073
  1.953500   0.007738
  1.953000   0.007336
  1.952500   0.007018
  1.952000   0.006672
  1.951500   0.006243
  1.951000   0.006023
  1.950500   0.005790
  1.950000   0.005321
  1.949500   0.005177
  1.949000   0.005034
  1.948500   0.004803
  1.948000   0.004503
  1.947500   0.004339
  1.947000   0.004102
  1.946500   0.003909
  1.946000   0.003734
  1.945500   0.003576
  1.945000   0.003395
  1.944500   0.003157
  1.944000   0.003342
  1.943500   0.002944
  1.943000   0.002907
  1.942500   0.002791
  1.942000   0.002606
  1.941500   0.002594
  1.941000   0.002463
  1.940500   0.002259
  1.940000   0.002215
  1.939500   0.002108
  1.939000   0.002142
  1.938500   0.002066
  1.938000   0.001940
  1.937500   0.001736
  1.937000   0.001704
  1.936500   0.001601
  1.936000   0.001647
  1.935500   0.001600
  1.935000   0.001442
  1.934500   0.001422
  1.934000   0.001383
  1.933500   0.001432
  1.933000   0.001241
  1.932500   0.001177
  1.932000   0.001136
  1.931500   0.000970
  1.931000   0.001091
  1.930500   0.001106
  1.930000   0.000933
  1.929500   0.000965
  1.929000   0.000902
  1.928500   0.000957
  1.928000   0.000843
  1.927500   0.000905
  1.927000   0.000888
  1.926500   0.000753
  1.926000   0.000762
  1.925500   0.000615
  1.925000   0.000717
  1.924500   0.000637
  1.924000   0.000703
  1.923500   0.000613
  1.923000   0.000664
  1.922500   0.000555
  1.922000   0.000618
  1.921500   0.000514
  1.921000   0.000386
  1.920500   0.000488
  1.920000   0.000492
  1.919500   0.000367
  1.919000   0.000355
  1.918500   0.000414
  1.918000   0.000325
  1.917500   0.000420
  1.917000   0.000418
  1.916500   0.000534
  1.916000   0.000273
  1.915500   0.000292
  1.915000   0.000315
  1.914500   0.000319
  1.914000   0.000331
  1.913500   0.000287
  1.913000   0.000426
  1.912500   0.000316
  1.912000   0.000093
  1.911500   0.000239
  1.911000   0.000464
  1.910500   0.000230
  1.910000   0.000192
  1.909500   0.000169
  1.909000   0.000150
  1.908500   0.000239
  1.908000   0.000164
  1.907500   0.000222
  1.907000   0.000140
  1.906500   0.000172
  1.906000   0.000204
  1.905500   0.000229
  1.905000   0.000275
  1.904500   0.000093
  1.904000   0.000272
  1.903500   0.000203
  1.903000  -0.000014
  1.902500   0.000090
  1.902000   0.000145
  1.901500   0.000013
  1.901000   0.000114
  1.900500   0.000151
  1.900000   0.000069
  1.899500   0.000058
  1.899000   0.000112
  1.898500   0.000069
  1.898000   0.000186
  1.897500  -0.000012
  1.897000   0.000043
  1.896500  -0.000023
  1.896000   0.000076
